Nom: queen15_15
Oriente(non/oui): non
NbSommets: 225
NbValSommet: 0
NbArcs: 10360
NbValArc: 0
--- Liste des sommets
0 id0
1 id1
2 id2
3 id3
4 id4
5 id5
6 id6
7 id7
8 id8
9 id9
10 id10
11 id11
12 id12
13 id13
14 id14
15 id15
16 id16
17 id17
18 id18
19 id19
20 id20
21 id21
22 id22
23 id23
24 id24
25 id25
26 id26
27 id27
28 id28
29 id29
30 id30
31 id31
32 id32
33 id33
34 id34
35 id35
36 id36
37 id37
38 id38
39 id39
40 id40
41 id41
42 id42
43 id43
44 id44
45 id45
46 id46
47 id47
48 id48
49 id49
50 id50
51 id51
52 id52
53 id53
54 id54
55 id55
56 id56
57 id57
58 id58
59 id59
60 id60
61 id61
62 id62
63 id63
64 id64
65 id65
66 id66
67 id67
68 id68
69 id69
70 id70
71 id71
72 id72
73 id73
74 id74
75 id75
76 id76
77 id77
78 id78
79 id79
80 id80
81 id81
82 id82
83 id83
84 id84
85 id85
86 id86
87 id87
88 id88
89 id89
90 id90
91 id91
92 id92
93 id93
94 id94
95 id95
96 id96
97 id97
98 id98
99 id99
100 id100
101 id101
102 id102
103 id103
104 id104
105 id105
106 id106
107 id107
108 id108
109 id109
110 id110
111 id111
112 id112
113 id113
114 id114
115 id115
116 id116
117 id117
118 id118
119 id119
120 id120
121 id121
122 id122
123 id123
124 id124
125 id125
126 id126
127 id127
128 id128
129 id129
130 id130
131 id131
132 id132
133 id133
134 id134
135 id135
136 id136
137 id137
138 id138
139 id139
140 id140
141 id141
142 id142
143 id143
144 id144
145 id145
146 id146
147 id147
148 id148
149 id149
150 id150
151 id151
152 id152
153 id153
154 id154
155 id155
156 id156
157 id157
158 id158
159 id159
160 id160
161 id161
162 id162
163 id163
164 id164
165 id165
166 id166
167 id167
168 id168
169 id169
170 id170
171 id171
172 id172
173 id173
174 id174
175 id175
176 id176
177 id177
178 id178
179 id179
180 id180
181 id181
182 id182
183 id183
184 id184
185 id185
186 id186
187 id187
188 id188
189 id189
190 id190
191 id191
192 id192
193 id193
194 id194
195 id195
196 id196
197 id197
198 id198
199 id199
200 id200
201 id201
202 id202
203 id203
204 id204
205 id205
206 id206
207 id207
208 id208
209 id209
210 id210
211 id211
212 id212
213 id213
214 id214
215 id215
216 id216
217 id217
218 id218
219 id219
220 id220
221 id221
222 id222
223 id223
224 id224
--- Liste des aretes
0 16
0 32
0 48
0 64
0 80
0 96
0 112
0 128
0 144
0 160
0 176
0 192
0 208
0 224
0 1
0 2
0 3
0 4
0 5
0 6
0 7
0 8
0 9
0 10
0 11
0 12
0 13
0 14
0 15
0 30
0 45
0 60
0 75
0 90
0 105
0 120
0 135
0 150
0 165
0 180
0 195
0 210
1 17
1 33
1 49
1 65
1 81
1 97
1 113
1 129
1 145
1 161
1 177
1 193
1 209
1 15
1 2
1 3
1 4
1 5
1 6
1 7
1 8
1 9
1 10
1 11
1 12
1 13
1 14
1 16
1 31
1 46
1 61
1 76
1 91
1 106
1 121
1 136
1 151
1 166
1 181
1 196
1 211
1 0
2 18
2 34
2 50
2 66
2 82
2 98
2 114
2 130
2 146
2 162
2 178
2 194
2 16
2 30
2 3
2 4
2 5
2 6
2 7
2 8
2 9
2 10
2 11
2 12
2 13
2 14
2 17
2 32
2 47
2 62
2 77
2 92
2 107
2 122
2 137
2 152
2 167
2 182
2 197
2 212
2 1
2 0
3 19
3 35
3 51
3 67
3 83
3 99
3 115
3 131
3 147
3 163
3 179
3 17
3 31
3 45
3 4
3 5
3 6
3 7
3 8
3 9
3 10
3 11
3 12
3 13
3 14
3 18
3 33
3 48
3 63
3 78
3 93
3 108
3 123
3 138
3 153
3 168
3 183
3 198
3 213
3 2
3 1
3 0
4 20
4 36
4 52
4 68
4 84
4 100
4 116
4 132
4 148
4 164
4 18
4 32
4 46
4 60
4 5
4 6
4 7
4 8
4 9
4 10
4 11
4 12
4 13
4 14
4 19
4 34
4 49
4 64
4 79
4 94
4 109
4 124
4 139
4 154
4 169
4 184
4 199
4 214
4 3
4 2
4 1
4 0
5 21
5 37
5 53
5 69
5 85
5 101
5 117
5 133
5 149
5 19
5 33
5 47
5 61
5 75
5 6
5 7
5 8
5 9
5 10
5 11
5 12
5 13
5 14
5 20
5 35
5 50
5 65
5 80
5 95
5 110
5 125
5 140
5 155
5 170
5 185
5 200
5 215
5 4
5 3
5 2
5 1
5 0
6 22
6 38
6 54
6 70
6 86
6 102
6 118
6 134
6 20
6 34
6 48
6 62
6 76
6 90
6 7
6 8
6 9
6 10
6 11
6 12
6 13
6 14
6 21
6 36
6 51
6 66
6 81
6 96
6 111
6 126
6 141
6 156
6 171
6 186
6 201
6 216
6 5
6 4
6 3
6 2
6 1
6 0
7 23
7 39
7 55
7 71
7 87
7 103
7 119
7 21
7 35
7 49
7 63
7 77
7 91
7 105
7 8
7 9
7 10
7 11
7 12
7 13
7 14
7 22
7 37
7 52
7 67
7 82
7 97
7 112
7 127
7 142
7 157
7 172
7 187
7 202
7 217
7 6
7 5
7 4
7 3
7 2
7 1
7 0
8 24
8 40
8 56
8 72
8 88
8 104
8 22
8 36
8 50
8 64
8 78
8 92
8 106
8 120
8 9
8 10
8 11
8 12
8 13
8 14
8 23
8 38
8 53
8 68
8 83
8 98
8 113
8 128
8 143
8 158
8 173
8 188
8 203
8 218
8 7
8 6
8 5
8 4
8 3
8 2
8 1
8 0
9 25
9 41
9 57
9 73
9 89
9 23
9 37
9 51
9 65
9 79
9 93
9 107
9 121
9 135
9 10
9 11
9 12
9 13
9 14
9 24
9 39
9 54
9 69
9 84
9 99
9 114
9 129
9 144
9 159
9 174
9 189
9 204
9 219
9 8
9 7
9 6
9 5
9 4
9 3
9 2
9 1
9 0
10 26
10 42
10 58
10 74
10 24
10 38
10 52
10 66
10 80
10 94
10 108
10 122
10 136
10 150
10 11
10 12
10 13
10 14
10 25
10 40
10 55
10 70
10 85
10 100
10 115
10 130
10 145
10 160
10 175
10 190
10 205
10 220
10 9
10 8
10 7
10 6
10 5
10 4
10 3
10 2
10 1
10 0
11 27
11 43
11 59
11 25
11 39
11 53
11 67
11 81
11 95
11 109
11 123
11 137
11 151
11 165
11 12
11 13
11 14
11 26
11 41
11 56
11 71
11 86
11 101
11 116
11 131
11 146
11 161
11 176
11 191
11 206
11 221
11 10
11 9
11 8
11 7
11 6
11 5
11 4
11 3
11 2
11 1
11 0
12 28
12 44
12 26
12 40
12 54
12 68
12 82
12 96
12 110
12 124
12 138
12 152
12 166
12 180
12 13
12 14
12 27
12 42
12 57
12 72
12 87
12 102
12 117
12 132
12 147
12 162
12 177
12 192
12 207
12 222
12 11
12 10
12 9
12 8
12 7
12 6
12 5
12 4
12 3
12 2
12 1
12 0
13 29
13 27
13 41
13 55
13 69
13 83
13 97
13 111
13 125
13 139
13 153
13 167
13 181
13 195
13 14
13 28
13 43
13 58
13 73
13 88
13 103
13 118
13 133
13 148
13 163
13 178
13 193
13 208
13 223
13 12
13 11
13 10
13 9
13 8
13 7
13 6
13 5
13 4
13 3
13 2
13 1
13 0
14 28
14 42
14 56
14 70
14 84
14 98
14 112
14 126
14 140
14 154
14 168
14 182
14 196
14 210
14 29
14 44
14 59
14 74
14 89
14 104
14 119
14 134
14 149
14 164
14 179
14 194
14 209
14 224
14 13
14 12
14 11
14 10
14 9
14 8
14 7
14 6
14 5
14 4
14 3
14 2
14 1
14 0
15 31
15 47
15 63
15 79
15 95
15 111
15 127
15 143
15 159
15 175
15 191
15 207
15 223
15 16
15 17
15 18
15 19
15 20
15 21
15 22
15 23
15 24
15 25
15 26
15 27
15 28
15 29
15 30
15 45
15 60
15 75
15 90
15 105
15 120
15 135
15 150
15 165
15 180
15 195
15 210
15 1
15 0
16 32
16 48
16 64
16 80
16 96
16 112
16 128
16 144
16 160
16 176
16 192
16 208
16 224
16 30
16 17
16 18
16 19
16 20
16 21
16 22
16 23
16 24
16 25
16 26
16 27
16 28
16 29
16 31
16 46
16 61
16 76
16 91
16 106
16 121
16 136
16 151
16 166
16 181
16 196
16 211
16 15
16 2
16 1
16 0
17 33
17 49
17 65
17 81
17 97
17 113
17 129
17 145
17 161
17 177
17 193
17 209
17 31
17 45
17 18
17 19
17 20
17 21
17 22
17 23
17 24
17 25
17 26
17 27
17 28
17 29
17 32
17 47
17 62
17 77
17 92
17 107
17 122
17 137
17 152
17 167
17 182
17 197
17 212
17 16
17 15
17 3
17 2
17 1
18 34
18 50
18 66
18 82
18 98
18 114
18 130
18 146
18 162
18 178
18 194
18 32
18 46
18 60
18 19
18 20
18 21
18 22
18 23
18 24
18 25
18 26
18 27
18 28
18 29
18 33
18 48
18 63
18 78
18 93
18 108
18 123
18 138
18 153
18 168
18 183
18 198
18 213
18 17
18 16
18 15
18 4
18 3
18 2
19 35
19 51
19 67
19 83
19 99
19 115
19 131
19 147
19 163
19 179
19 33
19 47
19 61
19 75
19 20
19 21
19 22
19 23
19 24
19 25
19 26
19 27
19 28
19 29
19 34
19 49
19 64
19 79
19 94
19 109
19 124
19 139
19 154
19 169
19 184
19 199
19 214
19 18
19 17
19 16
19 15
19 5
19 4
19 3
20 36
20 52
20 68
20 84
20 100
20 116
20 132
20 148
20 164
20 34
20 48
20 62
20 76
20 90
20 21
20 22
20 23
20 24
20 25
20 26
20 27
20 28
20 29
20 35
20 50
20 65
20 80
20 95
20 110
20 125
20 140
20 155
20 170
20 185
20 200
20 215
20 19
20 18
20 17
20 16
20 15
20 6
20 5
20 4
21 37
21 53
21 69
21 85
21 101
21 117
21 133
21 149
21 35
21 49
21 63
21 77
21 91
21 105
21 22
21 23
21 24
21 25
21 26
21 27
21 28
21 29
21 36
21 51
21 66
21 81
21 96
21 111
21 126
21 141
21 156
21 171
21 186
21 201
21 216
21 20
21 19
21 18
21 17
21 16
21 15
21 7
21 6
21 5
22 38
22 54
22 70
22 86
22 102
22 118
22 134
22 36
22 50
22 64
22 78
22 92
22 106
22 120
22 23
22 24
22 25
22 26
22 27
22 28
22 29
22 37
22 52
22 67
22 82
22 97
22 112
22 127
22 142
22 157
22 172
22 187
22 202
22 217
22 21
22 20
22 19
22 18
22 17
22 16
22 15
22 8
22 7
22 6
23 39
23 55
23 71
23 87
23 103
23 119
23 37
23 51
23 65
23 79
23 93
23 107
23 121
23 135
23 24
23 25
23 26
23 27
23 28
23 29
23 38
23 53
23 68
23 83
23 98
23 113
23 128
23 143
23 158
23 173
23 188
23 203
23 218
23 22
23 21
23 20
23 19
23 18
23 17
23 16
23 15
23 9
23 8
23 7
24 40
24 56
24 72
24 88
24 104
24 38
24 52
24 66
24 80
24 94
24 108
24 122
24 136
24 150
24 25
24 26
24 27
24 28
24 29
24 39
24 54
24 69
24 84
24 99
24 114
24 129
24 144
24 159
24 174
24 189
24 204
24 219
24 23
24 22
24 21
24 20
24 19
24 18
24 17
24 16
24 15
24 10
24 9
24 8
25 41
25 57
25 73
25 89
25 39
25 53
25 67
25 81
25 95
25 109
25 123
25 137
25 151
25 165
25 26
25 27
25 28
25 29
25 40
25 55
25 70
25 85
25 100
25 115
25 130
25 145
25 160
25 175
25 190
25 205
25 220
25 24
25 23
25 22
25 21
25 20
25 19
25 18
25 17
25 16
25 15
25 11
25 10
25 9
26 42
26 58
26 74
26 40
26 54
26 68
26 82
26 96
26 110
26 124
26 138
26 152
26 166
26 180
26 27
26 28
26 29
26 41
26 56
26 71
26 86
26 101
26 116
26 131
26 146
26 161
26 176
26 191
26 206
26 221
26 25
26 24
26 23
26 22
26 21
26 20
26 19
26 18
26 17
26 16
26 15
26 12
26 11
26 10
27 43
27 59
27 41
27 55
27 69
27 83
27 97
27 111
27 125
27 139
27 153
27 167
27 181
27 195
27 28
27 29
27 42
27 57
27 72
27 87
27 102
27 117
27 132
27 147
27 162
27 177
27 192
27 207
27 222
27 26
27 25
27 24
27 23
27 22
27 21
27 20
27 19
27 18
27 17
27 16
27 15
27 13
27 12
27 11
28 44
28 42
28 56
28 70
28 84
28 98
28 112
28 126
28 140
28 154
28 168
28 182
28 196
28 210
28 29
28 43
28 58
28 73
28 88
28 103
28 118
28 133
28 148
28 163
28 178
28 193
28 208
28 223
28 27
28 26
28 25
28 24
28 23
28 22
28 21
28 20
28 19
28 18
28 17
28 16
28 15
28 14
28 13
28 12
29 43
29 57
29 71
29 85
29 99
29 113
29 127
29 141
29 155
29 169
29 183
29 197
29 211
29 44
29 59
29 74
29 89
29 104
29 119
29 134
29 149
29 164
29 179
29 194
29 209
29 224
29 28
29 27
29 26
29 25
29 24
29 23
29 22
29 21
29 20
29 19
29 18
29 17
29 16
29 15
29 14
29 13
30 46
30 62
30 78
30 94
30 110
30 126
30 142
30 158
30 174
30 190
30 206
30 222
30 31
30 32
30 33
30 34
30 35
30 36
30 37
30 38
30 39
30 40
30 41
30 42
30 43
30 44
30 45
30 60
30 75
30 90
30 105
30 120
30 135
30 150
30 165
30 180
30 195
30 210
30 16
30 15
30 2
30 0
31 47
31 63
31 79
31 95
31 111
31 127
31 143
31 159
31 175
31 191
31 207
31 223
31 45
31 32
31 33
31 34
31 35
31 36
31 37
31 38
31 39
31 40
31 41
31 42
31 43
31 44
31 46
31 61
31 76
31 91
31 106
31 121
31 136
31 151
31 166
31 181
31 196
31 211
31 30
31 17
31 16
31 15
31 3
31 1
32 48
32 64
32 80
32 96
32 112
32 128
32 144
32 160
32 176
32 192
32 208
32 224
32 46
32 60
32 33
32 34
32 35
32 36
32 37
32 38
32 39
32 40
32 41
32 42
32 43
32 44
32 47
32 62
32 77
32 92
32 107
32 122
32 137
32 152
32 167
32 182
32 197
32 212
32 31
32 30
32 18
32 17
32 16
32 4
32 2
32 0
33 49
33 65
33 81
33 97
33 113
33 129
33 145
33 161
33 177
33 193
33 209
33 47
33 61
33 75
33 34
33 35
33 36
33 37
33 38
33 39
33 40
33 41
33 42
33 43
33 44
33 48
33 63
33 78
33 93
33 108
33 123
33 138
33 153
33 168
33 183
33 198
33 213
33 32
33 31
33 30
33 19
33 18
33 17
33 5
33 3
33 1
34 50
34 66
34 82
34 98
34 114
34 130
34 146
34 162
34 178
34 194
34 48
34 62
34 76
34 90
34 35
34 36
34 37
34 38
34 39
34 40
34 41
34 42
34 43
34 44
34 49
34 64
34 79
34 94
34 109
34 124
34 139
34 154
34 169
34 184
34 199
34 214
34 33
34 32
34 31
34 30
34 20
34 19
34 18
34 6
34 4
34 2
35 51
35 67
35 83
35 99
35 115
35 131
35 147
35 163
35 179
35 49
35 63
35 77
35 91
35 105
35 36
35 37
35 38
35 39
35 40
35 41
35 42
35 43
35 44
35 50
35 65
35 80
35 95
35 110
35 125
35 140
35 155
35 170
35 185
35 200
35 215
35 34
35 33
35 32
35 31
35 30
35 21
35 20
35 19
35 7
35 5
35 3
36 52
36 68
36 84
36 100
36 116
36 132
36 148
36 164
36 50
36 64
36 78
36 92
36 106
36 120
36 37
36 38
36 39
36 40
36 41
36 42
36 43
36 44
36 51
36 66
36 81
36 96
36 111
36 126
36 141
36 156
36 171
36 186
36 201
36 216
36 35
36 34
36 33
36 32
36 31
36 30
36 22
36 21
36 20
36 8
36 6
36 4
37 53
37 69
37 85
37 101
37 117
37 133
37 149
37 51
37 65
37 79
37 93
37 107
37 121
37 135
37 38
37 39
37 40
37 41
37 42
37 43
37 44
37 52
37 67
37 82
37 97
37 112
37 127
37 142
37 157
37 172
37 187
37 202
37 217
37 36
37 35
37 34
37 33
37 32
37 31
37 30
37 23
37 22
37 21
37 9
37 7
37 5
38 54
38 70
38 86
38 102
38 118
38 134
38 52
38 66
38 80
38 94
38 108
38 122
38 136
38 150
38 39
38 40
38 41
38 42
38 43
38 44
38 53
38 68
38 83
38 98
38 113
38 128
38 143
38 158
38 173
38 188
38 203
38 218
38 37
38 36
38 35
38 34
38 33
38 32
38 31
38 30
38 24
38 23
38 22
38 10
38 8
38 6
39 55
39 71
39 87
39 103
39 119
39 53
39 67
39 81
39 95
39 109
39 123
39 137
39 151
39 165
39 40
39 41
39 42
39 43
39 44
39 54
39 69
39 84
39 99
39 114
39 129
39 144
39 159
39 174
39 189
39 204
39 219
39 38
39 37
39 36
39 35
39 34
39 33
39 32
39 31
39 30
39 25
39 24
39 23
39 11
39 9
39 7
40 56
40 72
40 88
40 104
40 54
40 68
40 82
40 96
40 110
40 124
40 138
40 152
40 166
40 180
40 41
40 42
40 43
40 44
40 55
40 70
40 85
40 100
40 115
40 130
40 145
40 160
40 175
40 190
40 205
40 220
40 39
40 38
40 37
40 36
40 35
40 34
40 33
40 32
40 31
40 30
40 26
40 25
40 24
40 12
40 10
40 8
41 57
41 73
41 89
41 55
41 69
41 83
41 97
41 111
41 125
41 139
41 153
41 167
41 181
41 195
41 42
41 43
41 44
41 56
41 71
41 86
41 101
41 116
41 131
41 146
41 161
41 176
41 191
41 206
41 221
41 40
41 39
41 38
41 37
41 36
41 35
41 34
41 33
41 32
41 31
41 30
41 27
41 26
41 25
41 13
41 11
41 9
42 58
42 74
42 56
42 70
42 84
42 98
42 112
42 126
42 140
42 154
42 168
42 182
42 196
42 210
42 43
42 44
42 57
42 72
42 87
42 102
42 117
42 132
42 147
42 162
42 177
42 192
42 207
42 222
42 41
42 40
42 39
42 38
42 37
42 36
42 35
42 34
42 33
42 32
42 31
42 30
42 28
42 27
42 26
42 14
42 12
42 10
43 59
43 57
43 71
43 85
43 99
43 113
43 127
43 141
43 155
43 169
43 183
43 197
43 211
43 44
43 58
43 73
43 88
43 103
43 118
43 133
43 148
43 163
43 178
43 193
43 208
43 223
43 42
43 41
43 40
43 39
43 38
43 37
43 36
43 35
43 34
43 33
43 32
43 31
43 30
43 29
43 28
43 27
43 13
43 11
44 58
44 72
44 86
44 100
44 114
44 128
44 142
44 156
44 170
44 184
44 198
44 212
44 59
44 74
44 89
44 104
44 119
44 134
44 149
44 164
44 179
44 194
44 209
44 224
44 43
44 42
44 41
44 40
44 39
44 38
44 37
44 36
44 35
44 34
44 33
44 32
44 31
44 30
44 29
44 28
44 14
44 12
45 61
45 77
45 93
45 109
45 125
45 141
45 157
45 173
45 189
45 205
45 221
45 46
45 47
45 48
45 49
45 50
45 51
45 52
45 53
45 54
45 55
45 56
45 57
45 58
45 59
45 60
45 75
45 90
45 105
45 120
45 135
45 150
45 165
45 180
45 195
45 210
45 31
45 30
45 17
45 15
45 3
45 0
46 62
46 78
46 94
46 110
46 126
46 142
46 158
46 174
46 190
46 206
46 222
46 60
46 47
46 48
46 49
46 50
46 51
46 52
46 53
46 54
46 55
46 56
46 57
46 58
46 59
46 61
46 76
46 91
46 106
46 121
46 136
46 151
46 166
46 181
46 196
46 211
46 45
46 32
46 31
46 30
46 18
46 16
46 4
46 1
47 63
47 79
47 95
47 111
47 127
47 143
47 159
47 175
47 191
47 207
47 223
47 61
47 75
47 48
47 49
47 50
47 51
47 52
47 53
47 54
47 55
47 56
47 57
47 58
47 59
47 62
47 77
47 92
47 107
47 122
47 137
47 152
47 167
47 182
47 197
47 212
47 46
47 45
47 33
47 32
47 31
47 19
47 17
47 15
47 5
47 2
48 64
48 80
48 96
48 112
48 128
48 144
48 160
48 176
48 192
48 208
48 224
48 62
48 76
48 90
48 49
48 50
48 51
48 52
48 53
48 54
48 55
48 56
48 57
48 58
48 59
48 63
48 78
48 93
48 108
48 123
48 138
48 153
48 168
48 183
48 198
48 213
48 47
48 46
48 45
48 34
48 33
48 32
48 20
48 18
48 16
48 6
48 3
48 0
49 65
49 81
49 97
49 113
49 129
49 145
49 161
49 177
49 193
49 209
49 63
49 77
49 91
49 105
49 50
49 51
49 52
49 53
49 54
49 55
49 56
49 57
49 58
49 59
49 64
49 79
49 94
49 109
49 124
49 139
49 154
49 169
49 184
49 199
49 214
49 48
49 47
49 46
49 45
49 35
49 34
49 33
49 21
49 19
49 17
49 7
49 4
49 1
50 66
50 82
50 98
50 114
50 130
50 146
50 162
50 178
50 194
50 64
50 78
50 92
50 106
50 120
50 51
50 52
50 53
50 54
50 55
50 56
50 57
50 58
50 59
50 65
50 80
50 95
50 110
50 125
50 140
50 155
50 170
50 185
50 200
50 215
50 49
50 48
50 47
50 46
50 45
50 36
50 35
50 34
50 22
50 20
50 18
50 8
50 5
50 2
51 67
51 83
51 99
51 115
51 131
51 147
51 163
51 179
51 65
51 79
51 93
51 107
51 121
51 135
51 52
51 53
51 54
51 55
51 56
51 57
51 58
51 59
51 66
51 81
51 96
51 111
51 126
51 141
51 156
51 171
51 186
51 201
51 216
51 50
51 49
51 48
51 47
51 46
51 45
51 37
51 36
51 35
51 23
51 21
51 19
51 9
51 6
51 3
52 68
52 84
52 100
52 116
52 132
52 148
52 164
52 66
52 80
52 94
52 108
52 122
52 136
52 150
52 53
52 54
52 55
52 56
52 57
52 58
52 59
52 67
52 82
52 97
52 112
52 127
52 142
52 157
52 172
52 187
52 202
52 217
52 51
52 50
52 49
52 48
52 47
52 46
52 45
52 38
52 37
52 36
52 24
52 22
52 20
52 10
52 7
52 4
53 69
53 85
53 101
53 117
53 133
53 149
53 67
53 81
53 95
53 109
53 123
53 137
53 151
53 165
53 54
53 55
53 56
53 57
53 58
53 59
53 68
53 83
53 98
53 113
53 128
53 143
53 158
53 173
53 188
53 203
53 218
53 52
53 51
53 50
53 49
53 48
53 47
53 46
53 45
53 39
53 38
53 37
53 25
53 23
53 21
53 11
53 8
53 5
54 70
54 86
54 102
54 118
54 134
54 68
54 82
54 96
54 110
54 124
54 138
54 152
54 166
54 180
54 55
54 56
54 57
54 58
54 59
54 69
54 84
54 99
54 114
54 129
54 144
54 159
54 174
54 189
54 204
54 219
54 53
54 52
54 51
54 50
54 49
54 48
54 47
54 46
54 45
54 40
54 39
54 38
54 26
54 24
54 22
54 12
54 9
54 6
55 71
55 87
55 103
55 119
55 69
55 83
55 97
55 111
55 125
55 139
55 153
55 167
55 181
55 195
55 56
55 57
55 58
55 59
55 70
55 85
55 100
55 115
55 130
55 145
55 160
55 175
55 190
55 205
55 220
55 54
55 53
55 52
55 51
55 50
55 49
55 48
55 47
55 46
55 45
55 41
55 40
55 39
55 27
55 25
55 23
55 13
55 10
55 7
56 72
56 88
56 104
56 70
56 84
56 98
56 112
56 126
56 140
56 154
56 168
56 182
56 196
56 210
56 57
56 58
56 59
56 71
56 86
56 101
56 116
56 131
56 146
56 161
56 176
56 191
56 206
56 221
56 55
56 54
56 53
56 52
56 51
56 50
56 49
56 48
56 47
56 46
56 45
56 42
56 41
56 40
56 28
56 26
56 24
56 14
56 11
56 8
57 73
57 89
57 71
57 85
57 99
57 113
57 127
57 141
57 155
57 169
57 183
57 197
57 211
57 58
57 59
57 72
57 87
57 102
57 117
57 132
57 147
57 162
57 177
57 192
57 207
57 222
57 56
57 55
57 54
57 53
57 52
57 51
57 50
57 49
57 48
57 47
57 46
57 45
57 43
57 42
57 41
57 29
57 27
57 25
57 12
57 9
58 74
58 72
58 86
58 100
58 114
58 128
58 142
58 156
58 170
58 184
58 198
58 212
58 59
58 73
58 88
58 103
58 118
58 133
58 148
58 163
58 178
58 193
58 208
58 223
58 57
58 56
58 55
58 54
58 53
58 52
58 51
58 50
58 49
58 48
58 47
58 46
58 45
58 44
58 43
58 42
58 28
58 26
58 13
58 10
59 73
59 87
59 101
59 115
59 129
59 143
59 157
59 171
59 185
59 199
59 213
59 74
59 89
59 104
59 119
59 134
59 149
59 164
59 179
59 194
59 209
59 224
59 58
59 57
59 56
59 55
59 54
59 53
59 52
59 51
59 50
59 49
59 48
59 47
59 46
59 45
59 44
59 43
59 29
59 27
59 14
59 11
60 76
60 92
60 108
60 124
60 140
60 156
60 172
60 188
60 204
60 220
60 61
60 62
60 63
60 64
60 65
60 66
60 67
60 68
60 69
60 70
60 71
60 72
60 73
60 74
60 75
60 90
60 105
60 120
60 135
60 150
60 165
60 180
60 195
60 210
60 46
60 45
60 32
60 30
60 18
60 15
60 4
60 0
61 77
61 93
61 109
61 125
61 141
61 157
61 173
61 189
61 205
61 221
61 75
61 62
61 63
61 64
61 65
61 66
61 67
61 68
61 69
61 70
61 71
61 72
61 73
61 74
61 76
61 91
61 106
61 121
61 136
61 151
61 166
61 181
61 196
61 211
61 60
61 47
61 46
61 45
61 33
61 31
61 19
61 16
61 5
61 1
62 78
62 94
62 110
62 126
62 142
62 158
62 174
62 190
62 206
62 222
62 76
62 90
62 63
62 64
62 65
62 66
62 67
62 68
62 69
62 70
62 71
62 72
62 73
62 74
62 77
62 92
62 107
62 122
62 137
62 152
62 167
62 182
62 197
62 212
62 61
62 60
62 48
62 47
62 46
62 34
62 32
62 30
62 20
62 17
62 6
62 2
63 79
63 95
63 111
63 127
63 143
63 159
63 175
63 191
63 207
63 223
63 77
63 91
63 105
63 64
63 65
63 66
63 67
63 68
63 69
63 70
63 71
63 72
63 73
63 74
63 78
63 93
63 108
63 123
63 138
63 153
63 168
63 183
63 198
63 213
63 62
63 61
63 60
63 49
63 48
63 47
63 35
63 33
63 31
63 21
63 18
63 15
63 7
63 3
64 80
64 96
64 112
64 128
64 144
64 160
64 176
64 192
64 208
64 224
64 78
64 92
64 106
64 120
64 65
64 66
64 67
64 68
64 69
64 70
64 71
64 72
64 73
64 74
64 79
64 94
64 109
64 124
64 139
64 154
64 169
64 184
64 199
64 214
64 63
64 62
64 61
64 60
64 50
64 49
64 48
64 36
64 34
64 32
64 22
64 19
64 16
64 8
64 4
64 0
65 81
65 97
65 113
65 129
65 145
65 161
65 177
65 193
65 209
65 79
65 93
65 107
65 121
65 135
65 66
65 67
65 68
65 69
65 70
65 71
65 72
65 73
65 74
65 80
65 95
65 110
65 125
65 140
65 155
65 170
65 185
65 200
65 215
65 64
65 63
65 62
65 61
65 60
65 51
65 50
65 49
65 37
65 35
65 33
65 23
65 20
65 17
65 9
65 5
65 1
66 82
66 98
66 114
66 130
66 146
66 162
66 178
66 194
66 80
66 94
66 108
66 122
66 136
66 150
66 67
66 68
66 69
66 70
66 71
66 72
66 73
66 74
66 81
66 96
66 111
66 126
66 141
66 156
66 171
66 186
66 201
66 216
66 65
66 64
66 63
66 62
66 61
66 60
66 52
66 51
66 50
66 38
66 36
66 34
66 24
66 21
66 18
66 10
66 6
66 2
67 83
67 99
67 115
67 131
67 147
67 163
67 179
67 81
67 95
67 109
67 123
67 137
67 151
67 165
67 68
67 69
67 70
67 71
67 72
67 73
67 74
67 82
67 97
67 112
67 127
67 142
67 157
67 172
67 187
67 202
67 217
67 66
67 65
67 64
67 63
67 62
67 61
67 60
67 53
67 52
67 51
67 39
67 37
67 35
67 25
67 22
67 19
67 11
67 7
67 3
68 84
68 100
68 116
68 132
68 148
68 164
68 82
68 96
68 110
68 124
68 138
68 152
68 166
68 180
68 69
68 70
68 71
68 72
68 73
68 74
68 83
68 98
68 113
68 128
68 143
68 158
68 173
68 188
68 203
68 218
68 67
68 66
68 65
68 64
68 63
68 62
68 61
68 60
68 54
68 53
68 52
68 40
68 38
68 36
68 26
68 23
68 20
68 12
68 8
68 4
69 85
69 101
69 117
69 133
69 149
69 83
69 97
69 111
69 125
69 139
69 153
69 167
69 181
69 195
69 70
69 71
69 72
69 73
69 74
69 84
69 99
69 114
69 129
69 144
69 159
69 174
69 189
69 204
69 219
69 68
69 67
69 66
69 65
69 64
69 63
69 62
69 61
69 60
69 55
69 54
69 53
69 41
69 39
69 37
69 27
69 24
69 21
69 13
69 9
69 5
70 86
70 102
70 118
70 134
70 84
70 98
70 112
70 126
70 140
70 154
70 168
70 182
70 196
70 210
70 71
70 72
70 73
70 74
70 85
70 100
70 115
70 130
70 145
70 160
70 175
70 190
70 205
70 220
70 69
70 68
70 67
70 66
70 65
70 64
70 63
70 62
70 61
70 60
70 56
70 55
70 54
70 42
70 40
70 38
70 28
70 25
70 22
70 14
70 10
70 6
71 87
71 103
71 119
71 85
71 99
71 113
71 127
71 141
71 155
71 169
71 183
71 197
71 211
71 72
71 73
71 74
71 86
71 101
71 116
71 131
71 146
71 161
71 176
71 191
71 206
71 221
71 70
71 69
71 68
71 67
71 66
71 65
71 64
71 63
71 62
71 61
71 60
71 57
71 56
71 55
71 43
71 41
71 39
71 29
71 26
71 23
71 11
71 7
72 88
72 104
72 86
72 100
72 114
72 128
72 142
72 156
72 170
72 184
72 198
72 212
72 73
72 74
72 87
72 102
72 117
72 132
72 147
72 162
72 177
72 192
72 207
72 222
72 71
72 70
72 69
72 68
72 67
72 66
72 65
72 64
72 63
72 62
72 61
72 60
72 58
72 57
72 56
72 44
72 42
72 40
72 27
72 24
72 12
72 8
73 89
73 87
73 101
73 115
73 129
73 143
73 157
73 171
73 185
73 199
73 213
73 74
73 88
73 103
73 118
73 133
73 148
73 163
73 178
73 193
73 208
73 223
73 72
73 71
73 70
73 69
73 68
73 67
73 66
73 65
73 64
73 63
73 62
73 61
73 60
73 59
73 58
73 57
73 43
73 41
73 28
73 25
73 13
73 9
74 88
74 102
74 116
74 130
74 144
74 158
74 172
74 186
74 200
74 214
74 89
74 104
74 119
74 134
74 149
74 164
74 179
74 194
74 209
74 224
74 73
74 72
74 71
74 70
74 69
74 68
74 67
74 66
74 65
74 64
74 63
74 62
74 61
74 60
74 59
74 58
74 44
74 42
74 29
74 26
74 14
74 10
75 91
75 107
75 123
75 139
75 155
75 171
75 187
75 203
75 219
75 76
75 77
75 78
75 79
75 80
75 81
75 82
75 83
75 84
75 85
75 86
75 87
75 88
75 89
75 90
75 105
75 120
75 135
75 150
75 165
75 180
75 195
75 210
75 61
75 60
75 47
75 45
75 33
75 30
75 19
75 15
75 5
75 0
76 92
76 108
76 124
76 140
76 156
76 172
76 188
76 204
76 220
76 90
76 77
76 78
76 79
76 80
76 81
76 82
76 83
76 84
76 85
76 86
76 87
76 88
76 89
76 91
76 106
76 121
76 136
76 151
76 166
76 181
76 196
76 211
76 75
76 62
76 61
76 60
76 48
76 46
76 34
76 31
76 20
76 16
76 6
76 1
77 93
77 109
77 125
77 141
77 157
77 173
77 189
77 205
77 221
77 91
77 105
77 78
77 79
77 80
77 81
77 82
77 83
77 84
77 85
77 86
77 87
77 88
77 89
77 92
77 107
77 122
77 137
77 152
77 167
77 182
77 197
77 212
77 76
77 75
77 63
77 62
77 61
77 49
77 47
77 45
77 35
77 32
77 21
77 17
77 7
77 2
78 94
78 110
78 126
78 142
78 158
78 174
78 190
78 206
78 222
78 92
78 106
78 120
78 79
78 80
78 81
78 82
78 83
78 84
78 85
78 86
78 87
78 88
78 89
78 93
78 108
78 123
78 138
78 153
78 168
78 183
78 198
78 213
78 77
78 76
78 75
78 64
78 63
78 62
78 50
78 48
78 46
78 36
78 33
78 30
78 22
78 18
78 8
78 3
79 95
79 111
79 127
79 143
79 159
79 175
79 191
79 207
79 223
79 93
79 107
79 121
79 135
79 80
79 81
79 82
79 83
79 84
79 85
79 86
79 87
79 88
79 89
79 94
79 109
79 124
79 139
79 154
79 169
79 184
79 199
79 214
79 78
79 77
79 76
79 75
79 65
79 64
79 63
79 51
79 49
79 47
79 37
79 34
79 31
79 23
79 19
79 15
79 9
79 4
80 96
80 112
80 128
80 144
80 160
80 176
80 192
80 208
80 224
80 94
80 108
80 122
80 136
80 150
80 81
80 82
80 83
80 84
80 85
80 86
80 87
80 88
80 89
80 95
80 110
80 125
80 140
80 155
80 170
80 185
80 200
80 215
80 79
80 78
80 77
80 76
80 75
80 66
80 65
80 64
80 52
80 50
80 48
80 38
80 35
80 32
80 24
80 20
80 16
80 10
80 5
80 0
81 97
81 113
81 129
81 145
81 161
81 177
81 193
81 209
81 95
81 109
81 123
81 137
81 151
81 165
81 82
81 83
81 84
81 85
81 86
81 87
81 88
81 89
81 96
81 111
81 126
81 141
81 156
81 171
81 186
81 201
81 216
81 80
81 79
81 78
81 77
81 76
81 75
81 67
81 66
81 65
81 53
81 51
81 49
81 39
81 36
81 33
81 25
81 21
81 17
81 11
81 6
81 1
82 98
82 114
82 130
82 146
82 162
82 178
82 194
82 96
82 110
82 124
82 138
82 152
82 166
82 180
82 83
82 84
82 85
82 86
82 87
82 88
82 89
82 97
82 112
82 127
82 142
82 157
82 172
82 187
82 202
82 217
82 81
82 80
82 79
82 78
82 77
82 76
82 75
82 68
82 67
82 66
82 54
82 52
82 50
82 40
82 37
82 34
82 26
82 22
82 18
82 12
82 7
82 2
83 99
83 115
83 131
83 147
83 163
83 179
83 97
83 111
83 125
83 139
83 153
83 167
83 181
83 195
83 84
83 85
83 86
83 87
83 88
83 89
83 98
83 113
83 128
83 143
83 158
83 173
83 188
83 203
83 218
83 82
83 81
83 80
83 79
83 78
83 77
83 76
83 75
83 69
83 68
83 67
83 55
83 53
83 51
83 41
83 38
83 35
83 27
83 23
83 19
83 13
83 8
83 3
84 100
84 116
84 132
84 148
84 164
84 98
84 112
84 126
84 140
84 154
84 168
84 182
84 196
84 210
84 85
84 86
84 87
84 88
84 89
84 99
84 114
84 129
84 144
84 159
84 174
84 189
84 204
84 219
84 83
84 82
84 81
84 80
84 79
84 78
84 77
84 76
84 75
84 70
84 69
84 68
84 56
84 54
84 52
84 42
84 39
84 36
84 28
84 24
84 20
84 14
84 9
84 4
85 101
85 117
85 133
85 149
85 99
85 113
85 127
85 141
85 155
85 169
85 183
85 197
85 211
85 86
85 87
85 88
85 89
85 100
85 115
85 130
85 145
85 160
85 175
85 190
85 205
85 220
85 84
85 83
85 82
85 81
85 80
85 79
85 78
85 77
85 76
85 75
85 71
85 70
85 69
85 57
85 55
85 53
85 43
85 40
85 37
85 29
85 25
85 21
85 10
85 5
86 102
86 118
86 134
86 100
86 114
86 128
86 142
86 156
86 170
86 184
86 198
86 212
86 87
86 88
86 89
86 101
86 116
86 131
86 146
86 161
86 176
86 191
86 206
86 221
86 85
86 84
86 83
86 82
86 81
86 80
86 79
86 78
86 77
86 76
86 75
86 72
86 71
86 70
86 58
86 56
86 54
86 44
86 41
86 38
86 26
86 22
86 11
86 6
87 103
87 119
87 101
87 115
87 129
87 143
87 157
87 171
87 185
87 199
87 213
87 88
87 89
87 102
87 117
87 132
87 147
87 162
87 177
87 192
87 207
87 222
87 86
87 85
87 84
87 83
87 82
87 81
87 80
87 79
87 78
87 77
87 76
87 75
87 73
87 72
87 71
87 59
87 57
87 55
87 42
87 39
87 27
87 23
87 12
87 7
88 104
88 102
88 116
88 130
88 144
88 158
88 172
88 186
88 200
88 214
88 89
88 103
88 118
88 133
88 148
88 163
88 178
88 193
88 208
88 223
88 87
88 86
88 85
88 84
88 83
88 82
88 81
88 80
88 79
88 78
88 77
88 76
88 75
88 74
88 73
88 72
88 58
88 56
88 43
88 40
88 28
88 24
88 13
88 8
89 103
89 117
89 131
89 145
89 159
89 173
89 187
89 201
89 215
89 104
89 119
89 134
89 149
89 164
89 179
89 194
89 209
89 224
89 88
89 87
89 86
89 85
89 84
89 83
89 82
89 81
89 80
89 79
89 78
89 77
89 76
89 75
89 74
89 73
89 59
89 57
89 44
89 41
89 29
89 25
89 14
89 9
90 106
90 122
90 138
90 154
90 170
90 186
90 202
90 218
90 91
90 92
90 93
90 94
90 95
90 96
90 97
90 98
90 99
90 100
90 101
90 102
90 103
90 104
90 105
90 120
90 135
90 150
90 165
90 180
90 195
90 210
90 76
90 75
90 62
90 60
90 48
90 45
90 34
90 30
90 20
90 15
90 6
90 0
91 107
91 123
91 139
91 155
91 171
91 187
91 203
91 219
91 105
91 92
91 93
91 94
91 95
91 96
91 97
91 98
91 99
91 100
91 101
91 102
91 103
91 104
91 106
91 121
91 136
91 151
91 166
91 181
91 196
91 211
91 90
91 77
91 76
91 75
91 63
91 61
91 49
91 46
91 35
91 31
91 21
91 16
91 7
91 1
92 108
92 124
92 140
92 156
92 172
92 188
92 204
92 220
92 106
92 120
92 93
92 94
92 95
92 96
92 97
92 98
92 99
92 100
92 101
92 102
92 103
92 104
92 107
92 122
92 137
92 152
92 167
92 182
92 197
92 212
92 91
92 90
92 78
92 77
92 76
92 64
92 62
92 60
92 50
92 47
92 36
92 32
92 22
92 17
92 8
92 2
93 109
93 125
93 141
93 157
93 173
93 189
93 205
93 221
93 107
93 121
93 135
93 94
93 95
93 96
93 97
93 98
93 99
93 100
93 101
93 102
93 103
93 104
93 108
93 123
93 138
93 153
93 168
93 183
93 198
93 213
93 92
93 91
93 90
93 79
93 78
93 77
93 65
93 63
93 61
93 51
93 48
93 45
93 37
93 33
93 23
93 18
93 9
93 3
94 110
94 126
94 142
94 158
94 174
94 190
94 206
94 222
94 108
94 122
94 136
94 150
94 95
94 96
94 97
94 98
94 99
94 100
94 101
94 102
94 103
94 104
94 109
94 124
94 139
94 154
94 169
94 184
94 199
94 214
94 93
94 92
94 91
94 90
94 80
94 79
94 78
94 66
94 64
94 62
94 52
94 49
94 46
94 38
94 34
94 30
94 24
94 19
94 10
94 4
95 111
95 127
95 143
95 159
95 175
95 191
95 207
95 223
95 109
95 123
95 137
95 151
95 165
95 96
95 97
95 98
95 99
95 100
95 101
95 102
95 103
95 104
95 110
95 125
95 140
95 155
95 170
95 185
95 200
95 215
95 94
95 93
95 92
95 91
95 90
95 81
95 80
95 79
95 67
95 65
95 63
95 53
95 50
95 47
95 39
95 35
95 31
95 25
95 20
95 15
95 11
95 5
96 112
96 128
96 144
96 160
96 176
96 192
96 208
96 224
96 110
96 124
96 138
96 152
96 166
96 180
96 97
96 98
96 99
96 100
96 101
96 102
96 103
96 104
96 111
96 126
96 141
96 156
96 171
96 186
96 201
96 216
96 95
96 94
96 93
96 92
96 91
96 90
96 82
96 81
96 80
96 68
96 66
96 64
96 54
96 51
96 48
96 40
96 36
96 32
96 26
96 21
96 16
96 12
96 6
96 0
97 113
97 129
97 145
97 161
97 177
97 193
97 209
97 111
97 125
97 139
97 153
97 167
97 181
97 195
97 98
97 99
97 100
97 101
97 102
97 103
97 104
97 112
97 127
97 142
97 157
97 172
97 187
97 202
97 217
97 96
97 95
97 94
97 93
97 92
97 91
97 90
97 83
97 82
97 81
97 69
97 67
97 65
97 55
97 52
97 49
97 41
97 37
97 33
97 27
97 22
97 17
97 13
97 7
97 1
98 114
98 130
98 146
98 162
98 178
98 194
98 112
98 126
98 140
98 154
98 168
98 182
98 196
98 210
98 99
98 100
98 101
98 102
98 103
98 104
98 113
98 128
98 143
98 158
98 173
98 188
98 203
98 218
98 97
98 96
98 95
98 94
98 93
98 92
98 91
98 90
98 84
98 83
98 82
98 70
98 68
98 66
98 56
98 53
98 50
98 42
98 38
98 34
98 28
98 23
98 18
98 14
98 8
98 2
99 115
99 131
99 147
99 163
99 179
99 113
99 127
99 141
99 155
99 169
99 183
99 197
99 211
99 100
99 101
99 102
99 103
99 104
99 114
99 129
99 144
99 159
99 174
99 189
99 204
99 219
99 98
99 97
99 96
99 95
99 94
99 93
99 92
99 91
99 90
99 85
99 84
99 83
99 71
99 69
99 67
99 57
99 54
99 51
99 43
99 39
99 35
99 29
99 24
99 19
99 9
99 3
100 116
100 132
100 148
100 164
100 114
100 128
100 142
100 156
100 170
100 184
100 198
100 212
100 101
100 102
100 103
100 104
100 115
100 130
100 145
100 160
100 175
100 190
100 205
100 220
100 99
100 98
100 97
100 96
100 95
100 94
100 93
100 92
100 91
100 90
100 86
100 85
100 84
100 72
100 70
100 68
100 58
100 55
100 52
100 44
100 40
100 36
100 25
100 20
100 10
100 4
101 117
101 133
101 149
101 115
101 129
101 143
101 157
101 171
101 185
101 199
101 213
101 102
101 103
101 104
101 116
101 131
101 146
101 161
101 176
101 191
101 206
101 221
101 100
101 99
101 98
101 97
101 96
101 95
101 94
101 93
101 92
101 91
101 90
101 87
101 86
101 85
101 73
101 71
101 69
101 59
101 56
101 53
101 41
101 37
101 26
101 21
101 11
101 5
102 118
102 134
102 116
102 130
102 144
102 158
102 172
102 186
102 200
102 214
102 103
102 104
102 117
102 132
102 147
102 162
102 177
102 192
102 207
102 222
102 101
102 100
102 99
102 98
102 97
102 96
102 95
102 94
102 93
102 92
102 91
102 90
102 88
102 87
102 86
102 74
102 72
102 70
102 57
102 54
102 42
102 38
102 27
102 22
102 12
102 6
103 119
103 117
103 131
103 145
103 159
103 173
103 187
103 201
103 215
103 104
103 118
103 133
103 148
103 163
103 178
103 193
103 208
103 223
103 102
103 101
103 100
103 99
103 98
103 97
103 96
103 95
103 94
103 93
103 92
103 91
103 90
103 89
103 88
103 87
103 73
103 71
103 58
103 55
103 43
103 39
103 28
103 23
103 13
103 7
104 118
104 132
104 146
104 160
104 174
104 188
104 202
104 216
104 119
104 134
104 149
104 164
104 179
104 194
104 209
104 224
104 103
104 102
104 101
104 100
104 99
104 98
104 97
104 96
104 95
104 94
104 93
104 92
104 91
104 90
104 89
104 88
104 74
104 72
104 59
104 56
104 44
104 40
104 29
104 24
104 14
104 8
105 121
105 137
105 153
105 169
105 185
105 201
105 217
105 106
105 107
105 108
105 109
105 110
105 111
105 112
105 113
105 114
105 115
105 116
105 117
105 118
105 119
105 120
105 135
105 150
105 165
105 180
105 195
105 210
105 91
105 90
105 77
105 75
105 63
105 60
105 49
105 45
105 35
105 30
105 21
105 15
105 7
105 0
106 122
106 138
106 154
106 170
106 186
106 202
106 218
106 120
106 107
106 108
106 109
106 110
106 111
106 112
106 113
106 114
106 115
106 116
106 117
106 118
106 119
106 121
106 136
106 151
106 166
106 181
106 196
106 211
106 105
106 92
106 91
106 90
106 78
106 76
106 64
106 61
106 50
106 46
106 36
106 31
106 22
106 16
106 8
106 1
107 123
107 139
107 155
107 171
107 187
107 203
107 219
107 121
107 135
107 108
107 109
107 110
107 111
107 112
107 113
107 114
107 115
107 116
107 117
107 118
107 119
107 122
107 137
107 152
107 167
107 182
107 197
107 212
107 106
107 105
107 93
107 92
107 91
107 79
107 77
107 75
107 65
107 62
107 51
107 47
107 37
107 32
107 23
107 17
107 9
107 2
108 124
108 140
108 156
108 172
108 188
108 204
108 220
108 122
108 136
108 150
108 109
108 110
108 111
108 112
108 113
108 114
108 115
108 116
108 117
108 118
108 119
108 123
108 138
108 153
108 168
108 183
108 198
108 213
108 107
108 106
108 105
108 94
108 93
108 92
108 80
108 78
108 76
108 66
108 63
108 60
108 52
108 48
108 38
108 33
108 24
108 18
108 10
108 3
109 125
109 141
109 157
109 173
109 189
109 205
109 221
109 123
109 137
109 151
109 165
109 110
109 111
109 112
109 113
109 114
109 115
109 116
109 117
109 118
109 119
109 124
109 139
109 154
109 169
109 184
109 199
109 214
109 108
109 107
109 106
109 105
109 95
109 94
109 93
109 81
109 79
109 77
109 67
109 64
109 61
109 53
109 49
109 45
109 39
109 34
109 25
109 19
109 11
109 4
110 126
110 142
110 158
110 174
110 190
110 206
110 222
110 124
110 138
110 152
110 166
110 180
110 111
110 112
110 113
110 114
110 115
110 116
110 117
110 118
110 119
110 125
110 140
110 155
110 170
110 185
110 200
110 215
110 109
110 108
110 107
110 106
110 105
110 96
110 95
110 94
110 82
110 80
110 78
110 68
110 65
110 62
110 54
110 50
110 46
110 40
110 35
110 30
110 26
110 20
110 12
110 5
111 127
111 143
111 159
111 175
111 191
111 207
111 223
111 125
111 139
111 153
111 167
111 181
111 195
111 112
111 113
111 114
111 115
111 116
111 117
111 118
111 119
111 126
111 141
111 156
111 171
111 186
111 201
111 216
111 110
111 109
111 108
111 107
111 106
111 105
111 97
111 96
111 95
111 83
111 81
111 79
111 69
111 66
111 63
111 55
111 51
111 47
111 41
111 36
111 31
111 27
111 21
111 15
111 13
111 6
112 128
112 144
112 160
112 176
112 192
112 208
112 224
112 126
112 140
112 154
112 168
112 182
112 196
112 210
112 113
112 114
112 115
112 116
112 117
112 118
112 119
112 127
112 142
112 157
112 172
112 187
112 202
112 217
112 111
112 110
112 109
112 108
112 107
112 106
112 105
112 98
112 97
112 96
112 84
112 82
112 80
112 70
112 67
112 64
112 56
112 52
112 48
112 42
112 37
112 32
112 28
112 22
112 16
112 14
112 7
112 0
113 129
113 145
113 161
113 177
113 193
113 209
113 127
113 141
113 155
113 169
113 183
113 197
113 211
113 114
113 115
113 116
113 117
113 118
113 119
113 128
113 143
113 158
113 173
113 188
113 203
113 218
113 112
113 111
113 110
113 109
113 108
113 107
113 106
113 105
113 99
113 98
113 97
113 85
113 83
113 81
113 71
113 68
113 65
113 57
113 53
113 49
113 43
113 38
113 33
113 29
113 23
113 17
113 8
113 1
114 130
114 146
114 162
114 178
114 194
114 128
114 142
114 156
114 170
114 184
114 198
114 212
114 115
114 116
114 117
114 118
114 119
114 129
114 144
114 159
114 174
114 189
114 204
114 219
114 113
114 112
114 111
114 110
114 109
114 108
114 107
114 106
114 105
114 100
114 99
114 98
114 86
114 84
114 82
114 72
114 69
114 66
114 58
114 54
114 50
114 44
114 39
114 34
114 24
114 18
114 9
114 2
115 131
115 147
115 163
115 179
115 129
115 143
115 157
115 171
115 185
115 199
115 213
115 116
115 117
115 118
115 119
115 130
115 145
115 160
115 175
115 190
115 205
115 220
115 114
115 113
115 112
115 111
115 110
115 109
115 108
115 107
115 106
115 105
115 101
115 100
115 99
115 87
115 85
115 83
115 73
115 70
115 67
115 59
115 55
115 51
115 40
115 35
115 25
115 19
115 10
115 3
116 132
116 148
116 164
116 130
116 144
116 158
116 172
116 186
116 200
116 214
116 117
116 118
116 119
116 131
116 146
116 161
116 176
116 191
116 206
116 221
116 115
116 114
116 113
116 112
116 111
116 110
116 109
116 108
116 107
116 106
116 105
116 102
116 101
116 100
116 88
116 86
116 84
116 74
116 71
116 68
116 56
116 52
116 41
116 36
116 26
116 20
116 11
116 4
117 133
117 149
117 131
117 145
117 159
117 173
117 187
117 201
117 215
117 118
117 119
117 132
117 147
117 162
117 177
117 192
117 207
117 222
117 116
117 115
117 114
117 113
117 112
117 111
117 110
117 109
117 108
117 107
117 106
117 105
117 103
117 102
117 101
117 89
117 87
117 85
117 72
117 69
117 57
117 53
117 42
117 37
117 27
117 21
117 12
117 5
118 134
118 132
118 146
118 160
118 174
118 188
118 202
118 216
118 119
118 133
118 148
118 163
118 178
118 193
118 208
118 223
118 117
118 116
118 115
118 114
118 113
118 112
118 111
118 110
118 109
118 108
118 107
118 106
118 105
118 104
118 103
118 102
118 88
118 86
118 73
118 70
118 58
118 54
118 43
118 38
118 28
118 22
118 13
118 6
119 133
119 147
119 161
119 175
119 189
119 203
119 217
119 134
119 149
119 164
119 179
119 194
119 209
119 224
119 118
119 117
119 116
119 115
119 114
119 113
119 112
119 111
119 110
119 109
119 108
119 107
119 106
119 105
119 104
119 103
119 89
119 87
119 74
119 71
119 59
119 55
119 44
119 39
119 29
119 23
119 14
119 7
120 136
120 152
120 168
120 184
120 200
120 216
120 121
120 122
120 123
120 124
120 125
120 126
120 127
120 128
120 129
120 130
120 131
120 132
120 133
120 134
120 135
120 150
120 165
120 180
120 195
120 210
120 106
120 105
120 92
120 90
120 78
120 75
120 64
120 60
120 50
120 45
120 36
120 30
120 22
120 15
120 8
120 0
121 137
121 153
121 169
121 185
121 201
121 217
121 135
121 122
121 123
121 124
121 125
121 126
121 127
121 128
121 129
121 130
121 131
121 132
121 133
121 134
121 136
121 151
121 166
121 181
121 196
121 211
121 120
121 107
121 106
121 105
121 93
121 91
121 79
121 76
121 65
121 61
121 51
121 46
121 37
121 31
121 23
121 16
121 9
121 1
122 138
122 154
122 170
122 186
122 202
122 218
122 136
122 150
122 123
122 124
122 125
122 126
122 127
122 128
122 129
122 130
122 131
122 132
122 133
122 134
122 137
122 152
122 167
122 182
122 197
122 212
122 121
122 120
122 108
122 107
122 106
122 94
122 92
122 90
122 80
122 77
122 66
122 62
122 52
122 47
122 38
122 32
122 24
122 17
122 10
122 2
123 139
123 155
123 171
123 187
123 203
123 219
123 137
123 151
123 165
123 124
123 125
123 126
123 127
123 128
123 129
123 130
123 131
123 132
123 133
123 134
123 138
123 153
123 168
123 183
123 198
123 213
123 122
123 121
123 120
123 109
123 108
123 107
123 95
123 93
123 91
123 81
123 78
123 75
123 67
123 63
123 53
123 48
123 39
123 33
123 25
123 18
123 11
123 3
124 140
124 156
124 172
124 188
124 204
124 220
124 138
124 152
124 166
124 180
124 125
124 126
124 127
124 128
124 129
124 130
124 131
124 132
124 133
124 134
124 139
124 154
124 169
124 184
124 199
124 214
124 123
124 122
124 121
124 120
124 110
124 109
124 108
124 96
124 94
124 92
124 82
124 79
124 76
124 68
124 64
124 60
124 54
124 49
124 40
124 34
124 26
124 19
124 12
124 4
125 141
125 157
125 173
125 189
125 205
125 221
125 139
125 153
125 167
125 181
125 195
125 126
125 127
125 128
125 129
125 130
125 131
125 132
125 133
125 134
125 140
125 155
125 170
125 185
125 200
125 215
125 124
125 123
125 122
125 121
125 120
125 111
125 110
125 109
125 97
125 95
125 93
125 83
125 80
125 77
125 69
125 65
125 61
125 55
125 50
125 45
125 41
125 35
125 27
125 20
125 13
125 5
126 142
126 158
126 174
126 190
126 206
126 222
126 140
126 154
126 168
126 182
126 196
126 210
126 127
126 128
126 129
126 130
126 131
126 132
126 133
126 134
126 141
126 156
126 171
126 186
126 201
126 216
126 125
126 124
126 123
126 122
126 121
126 120
126 112
126 111
126 110
126 98
126 96
126 94
126 84
126 81
126 78
126 70
126 66
126 62
126 56
126 51
126 46
126 42
126 36
126 30
126 28
126 21
126 14
126 6
127 143
127 159
127 175
127 191
127 207
127 223
127 141
127 155
127 169
127 183
127 197
127 211
127 128
127 129
127 130
127 131
127 132
127 133
127 134
127 142
127 157
127 172
127 187
127 202
127 217
127 126
127 125
127 124
127 123
127 122
127 121
127 120
127 113
127 112
127 111
127 99
127 97
127 95
127 85
127 82
127 79
127 71
127 67
127 63
127 57
127 52
127 47
127 43
127 37
127 31
127 29
127 22
127 15
127 7
128 144
128 160
128 176
128 192
128 208
128 224
128 142
128 156
128 170
128 184
128 198
128 212
128 129
128 130
128 131
128 132
128 133
128 134
128 143
128 158
128 173
128 188
128 203
128 218
128 127
128 126
128 125
128 124
128 123
128 122
128 121
128 120
128 114
128 113
128 112
128 100
128 98
128 96
128 86
128 83
128 80
128 72
128 68
128 64
128 58
128 53
128 48
128 44
128 38
128 32
128 23
128 16
128 8
128 0
129 145
129 161
129 177
129 193
129 209
129 143
129 157
129 171
129 185
129 199
129 213
129 130
129 131
129 132
129 133
129 134
129 144
129 159
129 174
129 189
129 204
129 219
129 128
129 127
129 126
129 125
129 124
129 123
129 122
129 121
129 120
129 115
129 114
129 113
129 101
129 99
129 97
129 87
129 84
129 81
129 73
129 69
129 65
129 59
129 54
129 49
129 39
129 33
129 24
129 17
129 9
129 1
130 146
130 162
130 178
130 194
130 144
130 158
130 172
130 186
130 200
130 214
130 131
130 132
130 133
130 134
130 145
130 160
130 175
130 190
130 205
130 220
130 129
130 128
130 127
130 126
130 125
130 124
130 123
130 122
130 121
130 120
130 116
130 115
130 114
130 102
130 100
130 98
130 88
130 85
130 82
130 74
130 70
130 66
130 55
130 50
130 40
130 34
130 25
130 18
130 10
130 2
131 147
131 163
131 179
131 145
131 159
131 173
131 187
131 201
131 215
131 132
131 133
131 134
131 146
131 161
131 176
131 191
131 206
131 221
131 130
131 129
131 128
131 127
131 126
131 125
131 124
131 123
131 122
131 121
131 120
131 117
131 116
131 115
131 103
131 101
131 99
131 89
131 86
131 83
131 71
131 67
131 56
131 51
131 41
131 35
131 26
131 19
131 11
131 3
132 148
132 164
132 146
132 160
132 174
132 188
132 202
132 216
132 133
132 134
132 147
132 162
132 177
132 192
132 207
132 222
132 131
132 130
132 129
132 128
132 127
132 126
132 125
132 124
132 123
132 122
132 121
132 120
132 118
132 117
132 116
132 104
132 102
132 100
132 87
132 84
132 72
132 68
132 57
132 52
132 42
132 36
132 27
132 20
132 12
132 4
133 149
133 147
133 161
133 175
133 189
133 203
133 217
133 134
133 148
133 163
133 178
133 193
133 208
133 223
133 132
133 131
133 130
133 129
133 128
133 127
133 126
133 125
133 124
133 123
133 122
133 121
133 120
133 119
133 118
133 117
133 103
133 101
133 88
133 85
133 73
133 69
133 58
133 53
133 43
133 37
133 28
133 21
133 13
133 5
134 148
134 162
134 176
134 190
134 204
134 218
134 149
134 164
134 179
134 194
134 209
134 224
134 133
134 132
134 131
134 130
134 129
134 128
134 127
134 126
134 125
134 124
134 123
134 122
134 121
134 120
134 119
134 118
134 104
134 102
134 89
134 86
134 74
134 70
134 59
134 54
134 44
134 38
134 29
134 22
134 14
134 6
135 151
135 167
135 183
135 199
135 215
135 136
135 137
135 138
135 139
135 140
135 141
135 142
135 143
135 144
135 145
135 146
135 147
135 148
135 149
135 150
135 165
135 180
135 195
135 210
135 121
135 120
135 107
135 105
135 93
135 90
135 79
135 75
135 65
135 60
135 51
135 45
135 37
135 30
135 23
135 15
135 9
135 0
136 152
136 168
136 184
136 200
136 216
136 150
136 137
136 138
136 139
136 140
136 141
136 142
136 143
136 144
136 145
136 146
136 147
136 148
136 149
136 151
136 166
136 181
136 196
136 211
136 135
136 122
136 121
136 120
136 108
136 106
136 94
136 91
136 80
136 76
136 66
136 61
136 52
136 46
136 38
136 31
136 24
136 16
136 10
136 1
137 153
137 169
137 185
137 201
137 217
137 151
137 165
137 138
137 139
137 140
137 141
137 142
137 143
137 144
137 145
137 146
137 147
137 148
137 149
137 152
137 167
137 182
137 197
137 212
137 136
137 135
137 123
137 122
137 121
137 109
137 107
137 105
137 95
137 92
137 81
137 77
137 67
137 62
137 53
137 47
137 39
137 32
137 25
137 17
137 11
137 2
138 154
138 170
138 186
138 202
138 218
138 152
138 166
138 180
138 139
138 140
138 141
138 142
138 143
138 144
138 145
138 146
138 147
138 148
138 149
138 153
138 168
138 183
138 198
138 213
138 137
138 136
138 135
138 124
138 123
138 122
138 110
138 108
138 106
138 96
138 93
138 90
138 82
138 78
138 68
138 63
138 54
138 48
138 40
138 33
138 26
138 18
138 12
138 3
139 155
139 171
139 187
139 203
139 219
139 153
139 167
139 181
139 195
139 140
139 141
139 142
139 143
139 144
139 145
139 146
139 147
139 148
139 149
139 154
139 169
139 184
139 199
139 214
139 138
139 137
139 136
139 135
139 125
139 124
139 123
139 111
139 109
139 107
139 97
139 94
139 91
139 83
139 79
139 75
139 69
139 64
139 55
139 49
139 41
139 34
139 27
139 19
139 13
139 4
140 156
140 172
140 188
140 204
140 220
140 154
140 168
140 182
140 196
140 210
140 141
140 142
140 143
140 144
140 145
140 146
140 147
140 148
140 149
140 155
140 170
140 185
140 200
140 215
140 139
140 138
140 137
140 136
140 135
140 126
140 125
140 124
140 112
140 110
140 108
140 98
140 95
140 92
140 84
140 80
140 76
140 70
140 65
140 60
140 56
140 50
140 42
140 35
140 28
140 20
140 14
140 5
141 157
141 173
141 189
141 205
141 221
141 155
141 169
141 183
141 197
141 211
141 142
141 143
141 144
141 145
141 146
141 147
141 148
141 149
141 156
141 171
141 186
141 201
141 216
141 140
141 139
141 138
141 137
141 136
141 135
141 127
141 126
141 125
141 113
141 111
141 109
141 99
141 96
141 93
141 85
141 81
141 77
141 71
141 66
141 61
141 57
141 51
141 45
141 43
141 36
141 29
141 21
141 6
142 158
142 174
142 190
142 206
142 222
142 156
142 170
142 184
142 198
142 212
142 143
142 144
142 145
142 146
142 147
142 148
142 149
142 157
142 172
142 187
142 202
142 217
142 141
142 140
142 139
142 138
142 137
142 136
142 135
142 128
142 127
142 126
142 114
142 112
142 110
142 100
142 97
142 94
142 86
142 82
142 78
142 72
142 67
142 62
142 58
142 52
142 46
142 44
142 37
142 30
142 22
142 7
143 159
143 175
143 191
143 207
143 223
143 157
143 171
143 185
143 199
143 213
143 144
143 145
143 146
143 147
143 148
143 149
143 158
143 173
143 188
143 203
143 218
143 142
143 141
143 140
143 139
143 138
143 137
143 136
143 135
143 129
143 128
143 127
143 115
143 113
143 111
143 101
143 98
143 95
143 87
143 83
143 79
143 73
143 68
143 63
143 59
143 53
143 47
143 38
143 31
143 23
143 15
143 8
144 160
144 176
144 192
144 208
144 224
144 158
144 172
144 186
144 200
144 214
144 145
144 146
144 147
144 148
144 149
144 159
144 174
144 189
144 204
144 219
144 143
144 142
144 141
144 140
144 139
144 138
144 137
144 136
144 135
144 130
144 129
144 128
144 116
144 114
144 112
144 102
144 99
144 96
144 88
144 84
144 80
144 74
144 69
144 64
144 54
144 48
144 39
144 32
144 24
144 16
144 9
144 0
145 161
145 177
145 193
145 209
145 159
145 173
145 187
145 201
145 215
145 146
145 147
145 148
145 149
145 160
145 175
145 190
145 205
145 220
145 144
145 143
145 142
145 141
145 140
145 139
145 138
145 137
145 136
145 135
145 131
145 130
145 129
145 117
145 115
145 113
145 103
145 100
145 97
145 89
145 85
145 81
145 70
145 65
145 55
145 49
145 40
145 33
145 25
145 17
145 10
145 1
146 162
146 178
146 194
146 160
146 174
146 188
146 202
146 216
146 147
146 148
146 149
146 161
146 176
146 191
146 206
146 221
146 145
146 144
146 143
146 142
146 141
146 140
146 139
146 138
146 137
146 136
146 135
146 132
146 131
146 130
146 118
146 116
146 114
146 104
146 101
146 98
146 86
146 82
146 71
146 66
146 56
146 50
146 41
146 34
146 26
146 18
146 11
146 2
147 163
147 179
147 161
147 175
147 189
147 203
147 217
147 148
147 149
147 162
147 177
147 192
147 207
147 222
147 146
147 145
147 144
147 143
147 142
147 141
147 140
147 139
147 138
147 137
147 136
147 135
147 133
147 132
147 131
147 119
147 117
147 115
147 102
147 99
147 87
147 83
147 72
147 67
147 57
147 51
147 42
147 35
147 27
147 19
147 12
147 3
148 164
148 162
148 176
148 190
148 204
148 218
148 149
148 163
148 178
148 193
148 208
148 223
148 147
148 146
148 145
148 144
148 143
148 142
148 141
148 140
148 139
148 138
148 137
148 136
148 135
148 134
148 133
148 132
148 118
148 116
148 103
148 100
148 88
148 84
148 73
148 68
148 58
148 52
148 43
148 36
148 28
148 20
148 13
148 4
149 163
149 177
149 191
149 205
149 219
149 164
149 179
149 194
149 209
149 224
149 148
149 147
149 146
149 145
149 144
149 143
149 142
149 141
149 140
149 139
149 138
149 137
149 136
149 135
149 134
149 133
149 119
149 117
149 104
149 101
149 89
149 85
149 74
149 69
149 59
149 53
149 44
149 37
149 29
149 21
149 14
149 5
150 166
150 182
150 198
150 214
150 151
150 152
150 153
150 154
150 155
150 156
150 157
150 158
150 159
150 160
150 161
150 162
150 163
150 164
150 165
150 180
150 195
150 210
150 136
150 135
150 122
150 120
150 108
150 105
150 94
150 90
150 80
150 75
150 66
150 60
150 52
150 45
150 38
150 30
150 24
150 15
150 10
150 0
151 167
151 183
151 199
151 215
151 165
151 152
151 153
151 154
151 155
151 156
151 157
151 158
151 159
151 160
151 161
151 162
151 163
151 164
151 166
151 181
151 196
151 211
151 150
151 137
151 136
151 135
151 123
151 121
151 109
151 106
151 95
151 91
151 81
151 76
151 67
151 61
151 53
151 46
151 39
151 31
151 25
151 16
151 11
151 1
152 168
152 184
152 200
152 216
152 166
152 180
152 153
152 154
152 155
152 156
152 157
152 158
152 159
152 160
152 161
152 162
152 163
152 164
152 167
152 182
152 197
152 212
152 151
152 150
152 138
152 137
152 136
152 124
152 122
152 120
152 110
152 107
152 96
152 92
152 82
152 77
152 68
152 62
152 54
152 47
152 40
152 32
152 26
152 17
152 12
152 2
153 169
153 185
153 201
153 217
153 167
153 181
153 195
153 154
153 155
153 156
153 157
153 158
153 159
153 160
153 161
153 162
153 163
153 164
153 168
153 183
153 198
153 213
153 152
153 151
153 150
153 139
153 138
153 137
153 125
153 123
153 121
153 111
153 108
153 105
153 97
153 93
153 83
153 78
153 69
153 63
153 55
153 48
153 41
153 33
153 27
153 18
153 13
153 3
154 170
154 186
154 202
154 218
154 168
154 182
154 196
154 210
154 155
154 156
154 157
154 158
154 159
154 160
154 161
154 162
154 163
154 164
154 169
154 184
154 199
154 214
154 153
154 152
154 151
154 150
154 140
154 139
154 138
154 126
154 124
154 122
154 112
154 109
154 106
154 98
154 94
154 90
154 84
154 79
154 70
154 64
154 56
154 49
154 42
154 34
154 28
154 19
154 14
154 4
155 171
155 187
155 203
155 219
155 169
155 183
155 197
155 211
155 156
155 157
155 158
155 159
155 160
155 161
155 162
155 163
155 164
155 170
155 185
155 200
155 215
155 154
155 153
155 152
155 151
155 150
155 141
155 140
155 139
155 127
155 125
155 123
155 113
155 110
155 107
155 99
155 95
155 91
155 85
155 80
155 75
155 71
155 65
155 57
155 50
155 43
155 35
155 29
155 20
155 5
156 172
156 188
156 204
156 220
156 170
156 184
156 198
156 212
156 157
156 158
156 159
156 160
156 161
156 162
156 163
156 164
156 171
156 186
156 201
156 216
156 155
156 154
156 153
156 152
156 151
156 150
156 142
156 141
156 140
156 128
156 126
156 124
156 114
156 111
156 108
156 100
156 96
156 92
156 86
156 81
156 76
156 72
156 66
156 60
156 58
156 51
156 44
156 36
156 21
156 6
157 173
157 189
157 205
157 221
157 171
157 185
157 199
157 213
157 158
157 159
157 160
157 161
157 162
157 163
157 164
157 172
157 187
157 202
157 217
157 156
157 155
157 154
157 153
157 152
157 151
157 150
157 143
157 142
157 141
157 129
157 127
157 125
157 115
157 112
157 109
157 101
157 97
157 93
157 87
157 82
157 77
157 73
157 67
157 61
157 59
157 52
157 45
157 37
157 22
157 7
158 174
158 190
158 206
158 222
158 172
158 186
158 200
158 214
158 159
158 160
158 161
158 162
158 163
158 164
158 173
158 188
158 203
158 218
158 157
158 156
158 155
158 154
158 153
158 152
158 151
158 150
158 144
158 143
158 142
158 130
158 128
158 126
158 116
158 113
158 110
158 102
158 98
158 94
158 88
158 83
158 78
158 74
158 68
158 62
158 53
158 46
158 38
158 30
158 23
158 8
159 175
159 191
159 207
159 223
159 173
159 187
159 201
159 215
159 160
159 161
159 162
159 163
159 164
159 174
159 189
159 204
159 219
159 158
159 157
159 156
159 155
159 154
159 153
159 152
159 151
159 150
159 145
159 144
159 143
159 131
159 129
159 127
159 117
159 114
159 111
159 103
159 99
159 95
159 89
159 84
159 79
159 69
159 63
159 54
159 47
159 39
159 31
159 24
159 15
159 9
160 176
160 192
160 208
160 224
160 174
160 188
160 202
160 216
160 161
160 162
160 163
160 164
160 175
160 190
160 205
160 220
160 159
160 158
160 157
160 156
160 155
160 154
160 153
160 152
160 151
160 150
160 146
160 145
160 144
160 132
160 130
160 128
160 118
160 115
160 112
160 104
160 100
160 96
160 85
160 80
160 70
160 64
160 55
160 48
160 40
160 32
160 25
160 16
160 10
160 0
161 177
161 193
161 209
161 175
161 189
161 203
161 217
161 162
161 163
161 164
161 176
161 191
161 206
161 221
161 160
161 159
161 158
161 157
161 156
161 155
161 154
161 153
161 152
161 151
161 150
161 147
161 146
161 145
161 133
161 131
161 129
161 119
161 116
161 113
161 101
161 97
161 86
161 81
161 71
161 65
161 56
161 49
161 41
161 33
161 26
161 17
161 11
161 1
162 178
162 194
162 176
162 190
162 204
162 218
162 163
162 164
162 177
162 192
162 207
162 222
162 161
162 160
162 159
162 158
162 157
162 156
162 155
162 154
162 153
162 152
162 151
162 150
162 148
162 147
162 146
162 134
162 132
162 130
162 117
162 114
162 102
162 98
162 87
162 82
162 72
162 66
162 57
162 50
162 42
162 34
162 27
162 18
162 12
162 2
163 179
163 177
163 191
163 205
163 219
163 164
163 178
163 193
163 208
163 223
163 162
163 161
163 160
163 159
163 158
163 157
163 156
163 155
163 154
163 153
163 152
163 151
163 150
163 149
163 148
163 147
163 133
163 131
163 118
163 115
163 103
163 99
163 88
163 83
163 73
163 67
163 58
163 51
163 43
163 35
163 28
163 19
163 13
163 3
164 178
164 192
164 206
164 220
164 179
164 194
164 209
164 224
164 163
164 162
164 161
164 160
164 159
164 158
164 157
164 156
164 155
164 154
164 153
164 152
164 151
164 150
164 149
164 148
164 134
164 132
164 119
164 116
164 104
164 100
164 89
164 84
164 74
164 68
164 59
164 52
164 44
164 36
164 29
164 20
164 14
164 4
165 181
165 197
165 213
165 166
165 167
165 168
165 169
165 170
165 171
165 172
165 173
165 174
165 175
165 176
165 177
165 178
165 179
165 180
165 195
165 210
165 151
165 150
165 137
165 135
165 123
165 120
165 109
165 105
165 95
165 90
165 81
165 75
165 67
165 60
165 53
165 45
165 39
165 30
165 25
165 15
165 11
165 0
166 182
166 198
166 214
166 180
166 167
166 168
166 169
166 170
166 171
166 172
166 173
166 174
166 175
166 176
166 177
166 178
166 179
166 181
166 196
166 211
166 165
166 152
166 151
166 150
166 138
166 136
166 124
166 121
166 110
166 106
166 96
166 91
166 82
166 76
166 68
166 61
166 54
166 46
166 40
166 31
166 26
166 16
166 12
166 1
167 183
167 199
167 215
167 181
167 195
167 168
167 169
167 170
167 171
167 172
167 173
167 174
167 175
167 176
167 177
167 178
167 179
167 182
167 197
167 212
167 166
167 165
167 153
167 152
167 151
167 139
167 137
167 135
167 125
167 122
167 111
167 107
167 97
167 92
167 83
167 77
167 69
167 62
167 55
167 47
167 41
167 32
167 27
167 17
167 13
167 2
168 184
168 200
168 216
168 182
168 196
168 210
168 169
168 170
168 171
168 172
168 173
168 174
168 175
168 176
168 177
168 178
168 179
168 183
168 198
168 213
168 167
168 166
168 165
168 154
168 153
168 152
168 140
168 138
168 136
168 126
168 123
168 120
168 112
168 108
168 98
168 93
168 84
168 78
168 70
168 63
168 56
168 48
168 42
168 33
168 28
168 18
168 14
168 3
169 185
169 201
169 217
169 183
169 197
169 211
169 170
169 171
169 172
169 173
169 174
169 175
169 176
169 177
169 178
169 179
169 184
169 199
169 214
169 168
169 167
169 166
169 165
169 155
169 154
169 153
169 141
169 139
169 137
169 127
169 124
169 121
169 113
169 109
169 105
169 99
169 94
169 85
169 79
169 71
169 64
169 57
169 49
169 43
169 34
169 29
169 19
169 4
170 186
170 202
170 218
170 184
170 198
170 212
170 171
170 172
170 173
170 174
170 175
170 176
170 177
170 178
170 179
170 185
170 200
170 215
170 169
170 168
170 167
170 166
170 165
170 156
170 155
170 154
170 142
170 140
170 138
170 128
170 125
170 122
170 114
170 110
170 106
170 100
170 95
170 90
170 86
170 80
170 72
170 65
170 58
170 50
170 44
170 35
170 20
170 5
171 187
171 203
171 219
171 185
171 199
171 213
171 172
171 173
171 174
171 175
171 176
171 177
171 178
171 179
171 186
171 201
171 216
171 170
171 169
171 168
171 167
171 166
171 165
171 157
171 156
171 155
171 143
171 141
171 139
171 129
171 126
171 123
171 115
171 111
171 107
171 101
171 96
171 91
171 87
171 81
171 75
171 73
171 66
171 59
171 51
171 36
171 21
171 6
172 188
172 204
172 220
172 186
172 200
172 214
172 173
172 174
172 175
172 176
172 177
172 178
172 179
172 187
172 202
172 217
172 171
172 170
172 169
172 168
172 167
172 166
172 165
172 158
172 157
172 156
172 144
172 142
172 140
172 130
172 127
172 124
172 116
172 112
172 108
172 102
172 97
172 92
172 88
172 82
172 76
172 74
172 67
172 60
172 52
172 37
172 22
172 7
173 189
173 205
173 221
173 187
173 201
173 215
173 174
173 175
173 176
173 177
173 178
173 179
173 188
173 203
173 218
173 172
173 171
173 170
173 169
173 168
173 167
173 166
173 165
173 159
173 158
173 157
173 145
173 143
173 141
173 131
173 128
173 125
173 117
173 113
173 109
173 103
173 98
173 93
173 89
173 83
173 77
173 68
173 61
173 53
173 45
173 38
173 23
173 8
174 190
174 206
174 222
174 188
174 202
174 216
174 175
174 176
174 177
174 178
174 179
174 189
174 204
174 219
174 173
174 172
174 171
174 170
174 169
174 168
174 167
174 166
174 165
174 160
174 159
174 158
174 146
174 144
174 142
174 132
174 129
174 126
174 118
174 114
174 110
174 104
174 99
174 94
174 84
174 78
174 69
174 62
174 54
174 46
174 39
174 30
174 24
174 9
175 191
175 207
175 223
175 189
175 203
175 217
175 176
175 177
175 178
175 179
175 190
175 205
175 220
175 174
175 173
175 172
175 171
175 170
175 169
175 168
175 167
175 166
175 165
175 161
175 160
175 159
175 147
175 145
175 143
175 133
175 130
175 127
175 119
175 115
175 111
175 100
175 95
175 85
175 79
175 70
175 63
175 55
175 47
175 40
175 31
175 25
175 15
175 10
176 192
176 208
176 224
176 190
176 204
176 218
176 177
176 178
176 179
176 191
176 206
176 221
176 175
176 174
176 173
176 172
176 171
176 170
176 169
176 168
176 167
176 166
176 165
176 162
176 161
176 160
176 148
176 146
176 144
176 134
176 131
176 128
176 116
176 112
176 101
176 96
176 86
176 80
176 71
176 64
176 56
176 48
176 41
176 32
176 26
176 16
176 11
176 0
177 193
177 209
177 191
177 205
177 219
177 178
177 179
177 192
177 207
177 222
177 176
177 175
177 174
177 173
177 172
177 171
177 170
177 169
177 168
177 167
177 166
177 165
177 163
177 162
177 161
177 149
177 147
177 145
177 132
177 129
177 117
177 113
177 102
177 97
177 87
177 81
177 72
177 65
177 57
177 49
177 42
177 33
177 27
177 17
177 12
177 1
178 194
178 192
178 206
178 220
178 179
178 193
178 208
178 223
178 177
178 176
178 175
178 174
178 173
178 172
178 171
178 170
178 169
178 168
178 167
178 166
178 165
178 164
178 163
178 162
178 148
178 146
178 133
178 130
178 118
178 114
178 103
178 98
178 88
178 82
178 73
178 66
178 58
178 50
178 43
178 34
178 28
178 18
178 13
178 2
179 193
179 207
179 221
179 194
179 209
179 224
179 178
179 177
179 176
179 175
179 174
179 173
179 172
179 171
179 170
179 169
179 168
179 167
179 166
179 165
179 164
179 163
179 149
179 147
179 134
179 131
179 119
179 115
179 104
179 99
179 89
179 83
179 74
179 67
179 59
179 51
179 44
179 35
179 29
179 19
179 14
179 3
180 196
180 212
180 181
180 182
180 183
180 184
180 185
180 186
180 187
180 188
180 189
180 190
180 191
180 192
180 193
180 194
180 195
180 210
180 166
180 165
180 152
180 150
180 138
180 135
180 124
180 120
180 110
180 105
180 96
180 90
180 82
180 75
180 68
180 60
180 54
180 45
180 40
180 30
180 26
180 15
180 12
180 0
181 197
181 213
181 195
181 182
181 183
181 184
181 185
181 186
181 187
181 188
181 189
181 190
181 191
181 192
181 193
181 194
181 196
181 211
181 180
181 167
181 166
181 165
181 153
181 151
181 139
181 136
181 125
181 121
181 111
181 106
181 97
181 91
181 83
181 76
181 69
181 61
181 55
181 46
181 41
181 31
181 27
181 16
181 13
181 1
182 198
182 214
182 196
182 210
182 183
182 184
182 185
182 186
182 187
182 188
182 189
182 190
182 191
182 192
182 193
182 194
182 197
182 212
182 181
182 180
182 168
182 167
182 166
182 154
182 152
182 150
182 140
182 137
182 126
182 122
182 112
182 107
182 98
182 92
182 84
182 77
182 70
182 62
182 56
182 47
182 42
182 32
182 28
182 17
182 14
182 2
183 199
183 215
183 197
183 211
183 184
183 185
183 186
183 187
183 188
183 189
183 190
183 191
183 192
183 193
183 194
183 198
183 213
183 182
183 181
183 180
183 169
183 168
183 167
183 155
183 153
183 151
183 141
183 138
183 135
183 127
183 123
183 113
183 108
183 99
183 93
183 85
183 78
183 71
183 63
183 57
183 48
183 43
183 33
183 29
183 18
183 3
184 200
184 216
184 198
184 212
184 185
184 186
184 187
184 188
184 189
184 190
184 191
184 192
184 193
184 194
184 199
184 214
184 183
184 182
184 181
184 180
184 170
184 169
184 168
184 156
184 154
184 152
184 142
184 139
184 136
184 128
184 124
184 120
184 114
184 109
184 100
184 94
184 86
184 79
184 72
184 64
184 58
184 49
184 44
184 34
184 19
184 4
185 201
185 217
185 199
185 213
185 186
185 187
185 188
185 189
185 190
185 191
185 192
185 193
185 194
185 200
185 215
185 184
185 183
185 182
185 181
185 180
185 171
185 170
185 169
185 157
185 155
185 153
185 143
185 140
185 137
185 129
185 125
185 121
185 115
185 110
185 105
185 101
185 95
185 87
185 80
185 73
185 65
185 59
185 50
185 35
185 20
185 5
186 202
186 218
186 200
186 214
186 187
186 188
186 189
186 190
186 191
186 192
186 193
186 194
186 201
186 216
186 185
186 184
186 183
186 182
186 181
186 180
186 172
186 171
186 170
186 158
186 156
186 154
186 144
186 141
186 138
186 130
186 126
186 122
186 116
186 111
186 106
186 102
186 96
186 90
186 88
186 81
186 74
186 66
186 51
186 36
186 21
186 6
187 203
187 219
187 201
187 215
187 188
187 189
187 190
187 191
187 192
187 193
187 194
187 202
187 217
187 186
187 185
187 184
187 183
187 182
187 181
187 180
187 173
187 172
187 171
187 159
187 157
187 155
187 145
187 142
187 139
187 131
187 127
187 123
187 117
187 112
187 107
187 103
187 97
187 91
187 89
187 82
187 75
187 67
187 52
187 37
187 22
187 7
188 204
188 220
188 202
188 216
188 189
188 190
188 191
188 192
188 193
188 194
188 203
188 218
188 187
188 186
188 185
188 184
188 183
188 182
188 181
188 180
188 174
188 173
188 172
188 160
188 158
188 156
188 146
188 143
188 140
188 132
188 128
188 124
188 118
188 113
188 108
188 104
188 98
188 92
188 83
188 76
188 68
188 60
188 53
188 38
188 23
188 8
189 205
189 221
189 203
189 217
189 190
189 191
189 192
189 193
189 194
189 204
189 219
189 188
189 187
189 186
189 185
189 184
189 183
189 182
189 181
189 180
189 175
189 174
189 173
189 161
189 159
189 157
189 147
189 144
189 141
189 133
189 129
189 125
189 119
189 114
189 109
189 99
189 93
189 84
189 77
189 69
189 61
189 54
189 45
189 39
189 24
189 9
190 206
190 222
190 204
190 218
190 191
190 192
190 193
190 194
190 205
190 220
190 189
190 188
190 187
190 186
190 185
190 184
190 183
190 182
190 181
190 180
190 176
190 175
190 174
190 162
190 160
190 158
190 148
190 145
190 142
190 134
190 130
190 126
190 115
190 110
190 100
190 94
190 85
190 78
190 70
190 62
190 55
190 46
190 40
190 30
190 25
190 10
191 207
191 223
191 205
191 219
191 192
191 193
191 194
191 206
191 221
191 190
191 189
191 188
191 187
191 186
191 185
191 184
191 183
191 182
191 181
191 180
191 177
191 176
191 175
191 163
191 161
191 159
191 149
191 146
191 143
191 131
191 127
191 116
191 111
191 101
191 95
191 86
191 79
191 71
191 63
191 56
191 47
191 41
191 31
191 26
191 15
191 11
192 208
192 224
192 206
192 220
192 193
192 194
192 207
192 222
192 191
192 190
192 189
192 188
192 187
192 186
192 185
192 184
192 183
192 182
192 181
192 180
192 178
192 177
192 176
192 164
192 162
192 160
192 147
192 144
192 132
192 128
192 117
192 112
192 102
192 96
192 87
192 80
192 72
192 64
192 57
192 48
192 42
192 32
192 27
192 16
192 12
192 0
193 209
193 207
193 221
193 194
193 208
193 223
193 192
193 191
193 190
193 189
193 188
193 187
193 186
193 185
193 184
193 183
193 182
193 181
193 180
193 179
193 178
193 177
193 163
193 161
193 148
193 145
193 133
193 129
193 118
193 113
193 103
193 97
193 88
193 81
193 73
193 65
193 58
193 49
193 43
193 33
193 28
193 17
193 13
193 1
194 208
194 222
194 209
194 224
194 193
194 192
194 191
194 190
194 189
194 188
194 187
194 186
194 185
194 184
194 183
194 182
194 181
194 180
194 179
194 178
194 164
194 162
194 149
194 146
194 134
194 130
194 119
194 114
194 104
194 98
194 89
194 82
194 74
194 66
194 59
194 50
194 44
194 34
194 29
194 18
194 14
194 2
195 211
195 196
195 197
195 198
195 199
195 200
195 201
195 202
195 203
195 204
195 205
195 206
195 207
195 208
195 209
195 210
195 181
195 180
195 167
195 165
195 153
195 150
195 139
195 135
195 125
195 120
195 111
195 105
195 97
195 90
195 83
195 75
195 69
195 60
195 55
195 45
195 41
195 30
195 27
195 15
195 13
195 0
196 212
196 210
196 197
196 198
196 199
196 200
196 201
196 202
196 203
196 204
196 205
196 206
196 207
196 208
196 209
196 211
196 195
196 182
196 181
196 180
196 168
196 166
196 154
196 151
196 140
196 136
196 126
196 121
196 112
196 106
196 98
196 91
196 84
196 76
196 70
196 61
196 56
196 46
196 42
196 31
196 28
196 16
196 14
196 1
197 213
197 211
197 198
197 199
197 200
197 201
197 202
197 203
197 204
197 205
197 206
197 207
197 208
197 209
197 212
197 196
197 195
197 183
197 182
197 181
197 169
197 167
197 165
197 155
197 152
197 141
197 137
197 127
197 122
197 113
197 107
197 99
197 92
197 85
197 77
197 71
197 62
197 57
197 47
197 43
197 32
197 29
197 17
197 2
198 214
198 212
198 199
198 200
198 201
198 202
198 203
198 204
198 205
198 206
198 207
198 208
198 209
198 213
198 197
198 196
198 195
198 184
198 183
198 182
198 170
198 168
198 166
198 156
198 153
198 150
198 142
198 138
198 128
198 123
198 114
198 108
198 100
198 93
198 86
198 78
198 72
198 63
198 58
198 48
198 44
198 33
198 18
198 3
199 215
199 213
199 200
199 201
199 202
199 203
199 204
199 205
199 206
199 207
199 208
199 209
199 214
199 198
199 197
199 196
199 195
199 185
199 184
199 183
199 171
199 169
199 167
199 157
199 154
199 151
199 143
199 139
199 135
199 129
199 124
199 115
199 109
199 101
199 94
199 87
199 79
199 73
199 64
199 59
199 49
199 34
199 19
199 4
200 216
200 214
200 201
200 202
200 203
200 204
200 205
200 206
200 207
200 208
200 209
200 215
200 199
200 198
200 197
200 196
200 195
200 186
200 185
200 184
200 172
200 170
200 168
200 158
200 155
200 152
200 144
200 140
200 136
200 130
200 125
200 120
200 116
200 110
200 102
200 95
200 88
200 80
200 74
200 65
200 50
200 35
200 20
200 5
201 217
201 215
201 202
201 203
201 204
201 205
201 206
201 207
201 208
201 209
201 216
201 200
201 199
201 198
201 197
201 196
201 195
201 187
201 186
201 185
201 173
201 171
201 169
201 159
201 156
201 153
201 145
201 141
201 137
201 131
201 126
201 121
201 117
201 111
201 105
201 103
201 96
201 89
201 81
201 66
201 51
201 36
201 21
201 6
202 218
202 216
202 203
202 204
202 205
202 206
202 207
202 208
202 209
202 217
202 201
202 200
202 199
202 198
202 197
202 196
202 195
202 188
202 187
202 186
202 174
202 172
202 170
202 160
202 157
202 154
202 146
202 142
202 138
202 132
202 127
202 122
202 118
202 112
202 106
202 104
202 97
202 90
202 82
202 67
202 52
202 37
202 22
202 7
203 219
203 217
203 204
203 205
203 206
203 207
203 208
203 209
203 218
203 202
203 201
203 200
203 199
203 198
203 197
203 196
203 195
203 189
203 188
203 187
203 175
203 173
203 171
203 161
203 158
203 155
203 147
203 143
203 139
203 133
203 128
203 123
203 119
203 113
203 107
203 98
203 91
203 83
203 75
203 68
203 53
203 38
203 23
203 8
204 220
204 218
204 205
204 206
204 207
204 208
204 209
204 219
204 203
204 202
204 201
204 200
204 199
204 198
204 197
204 196
204 195
204 190
204 189
204 188
204 176
204 174
204 172
204 162
204 159
204 156
204 148
204 144
204 140
204 134
204 129
204 124
204 114
204 108
204 99
204 92
204 84
204 76
204 69
204 60
204 54
204 39
204 24
204 9
205 221
205 219
205 206
205 207
205 208
205 209
205 220
205 204
205 203
205 202
205 201
205 200
205 199
205 198
205 197
205 196
205 195
205 191
205 190
205 189
205 177
205 175
205 173
205 163
205 160
205 157
205 149
205 145
205 141
205 130
205 125
205 115
205 109
205 100
205 93
205 85
205 77
205 70
205 61
205 55
205 45
205 40
205 25
205 10
206 222
206 220
206 207
206 208
206 209
206 221
206 205
206 204
206 203
206 202
206 201
206 200
206 199
206 198
206 197
206 196
206 195
206 192
206 191
206 190
206 178
206 176
206 174
206 164
206 161
206 158
206 146
206 142
206 131
206 126
206 116
206 110
206 101
206 94
206 86
206 78
206 71
206 62
206 56
206 46
206 41
206 30
206 26
206 11
207 223
207 221
207 208
207 209
207 222
207 206
207 205
207 204
207 203
207 202
207 201
207 200
207 199
207 198
207 197
207 196
207 195
207 193
207 192
207 191
207 179
207 177
207 175
207 162
207 159
207 147
207 143
207 132
207 127
207 117
207 111
207 102
207 95
207 87
207 79
207 72
207 63
207 57
207 47
207 42
207 31
207 27
207 15
207 12
208 224
208 222
208 209
208 223
208 207
208 206
208 205
208 204
208 203
208 202
208 201
208 200
208 199
208 198
208 197
208 196
208 195
208 194
208 193
208 192
208 178
208 176
208 163
208 160
208 148
208 144
208 133
208 128
208 118
208 112
208 103
208 96
208 88
208 80
208 73
208 64
208 58
208 48
208 43
208 32
208 28
208 16
208 13
208 0
209 223
209 224
209 208
209 207
209 206
209 205
209 204
209 203
209 202
209 201
209 200
209 199
209 198
209 197
209 196
209 195
209 194
209 193
209 179
209 177
209 164
209 161
209 149
209 145
209 134
209 129
209 119
209 113
209 104
209 97
209 89
209 81
209 74
209 65
209 59
209 49
209 44
209 33
209 29
209 17
209 14
209 1
210 211
210 212
210 213
210 214
210 215
210 216
210 217
210 218
210 219
210 220
210 221
210 222
210 223
210 224
210 196
210 195
210 182
210 180
210 168
210 165
210 154
210 150
210 140
210 135
210 126
210 120
210 112
210 105
210 98
210 90
210 84
210 75
210 70
210 60
210 56
210 45
210 42
210 30
210 28
210 15
210 14
210 0
211 212
211 213
211 214
211 215
211 216
211 217
211 218
211 219
211 220
211 221
211 222
211 223
211 224
211 210
211 197
211 196
211 195
211 183
211 181
211 169
211 166
211 155
211 151
211 141
211 136
211 127
211 121
211 113
211 106
211 99
211 91
211 85
211 76
211 71
211 61
211 57
211 46
211 43
211 31
211 29
211 16
211 1
212 213
212 214
212 215
212 216
212 217
212 218
212 219
212 220
212 221
212 222
212 223
212 224
212 211
212 210
212 198
212 197
212 196
212 184
212 182
212 180
212 170
212 167
212 156
212 152
212 142
212 137
212 128
212 122
212 114
212 107
212 100
212 92
212 86
212 77
212 72
212 62
212 58
212 47
212 44
212 32
212 17
212 2
213 214
213 215
213 216
213 217
213 218
213 219
213 220
213 221
213 222
213 223
213 224
213 212
213 211
213 210
213 199
213 198
213 197
213 185
213 183
213 181
213 171
213 168
213 165
213 157
213 153
213 143
213 138
213 129
213 123
213 115
213 108
213 101
213 93
213 87
213 78
213 73
213 63
213 59
213 48
213 33
213 18
213 3
214 215
214 216
214 217
214 218
214 219
214 220
214 221
214 222
214 223
214 224
214 213
214 212
214 211
214 210
214 200
214 199
214 198
214 186
214 184
214 182
214 172
214 169
214 166
214 158
214 154
214 150
214 144
214 139
214 130
214 124
214 116
214 109
214 102
214 94
214 88
214 79
214 74
214 64
214 49
214 34
214 19
214 4
215 216
215 217
215 218
215 219
215 220
215 221
215 222
215 223
215 224
215 214
215 213
215 212
215 211
215 210
215 201
215 200
215 199
215 187
215 185
215 183
215 173
215 170
215 167
215 159
215 155
215 151
215 145
215 140
215 135
215 131
215 125
215 117
215 110
215 103
215 95
215 89
215 80
215 65
215 50
215 35
215 20
215 5
216 217
216 218
216 219
216 220
216 221
216 222
216 223
216 224
216 215
216 214
216 213
216 212
216 211
216 210
216 202
216 201
216 200
216 188
216 186
216 184
216 174
216 171
216 168
216 160
216 156
216 152
216 146
216 141
216 136
216 132
216 126
216 120
216 118
216 111
216 104
216 96
216 81
216 66
216 51
216 36
216 21
216 6
217 218
217 219
217 220
217 221
217 222
217 223
217 224
217 216
217 215
217 214
217 213
217 212
217 211
217 210
217 203
217 202
217 201
217 189
217 187
217 185
217 175
217 172
217 169
217 161
217 157
217 153
217 147
217 142
217 137
217 133
217 127
217 121
217 119
217 112
217 105
217 97
217 82
217 67
217 52
217 37
217 22
217 7
218 219
218 220
218 221
218 222
218 223
218 224
218 217
218 216
218 215
218 214
218 213
218 212
218 211
218 210
218 204
218 203
218 202
218 190
218 188
218 186
218 176
218 173
218 170
218 162
218 158
218 154
218 148
218 143
218 138
218 134
218 128
218 122
218 113
218 106
218 98
218 90
218 83
218 68
218 53
218 38
218 23
218 8
219 220
219 221
219 222
219 223
219 224
219 218
219 217
219 216
219 215
219 214
219 213
219 212
219 211
219 210
219 205
219 204
219 203
219 191
219 189
219 187
219 177
219 174
219 171
219 163
219 159
219 155
219 149
219 144
219 139
219 129
219 123
219 114
219 107
219 99
219 91
219 84
219 75
219 69
219 54
219 39
219 24
219 9
220 221
220 222
220 223
220 224
220 219
220 218
220 217
220 216
220 215
220 214
220 213
220 212
220 211
220 210
220 206
220 205
220 204
220 192
220 190
220 188
220 178
220 175
220 172
220 164
220 160
220 156
220 145
220 140
220 130
220 124
220 115
220 108
220 100
220 92
220 85
220 76
220 70
220 60
220 55
220 40
220 25
220 10
221 222
221 223
221 224
221 220
221 219
221 218
221 217
221 216
221 215
221 214
221 213
221 212
221 211
221 210
221 207
221 206
221 205
221 193
221 191
221 189
221 179
221 176
221 173
221 161
221 157
221 146
221 141
221 131
221 125
221 116
221 109
221 101
221 93
221 86
221 77
221 71
221 61
221 56
221 45
221 41
221 26
221 11
222 223
222 224
222 221
222 220
222 219
222 218
222 217
222 216
222 215
222 214
222 213
222 212
222 211
222 210
222 208
222 207
222 206
222 194
222 192
222 190
222 177
222 174
222 162
222 158
222 147
222 142
222 132
222 126
222 117
222 110
222 102
222 94
222 87
222 78
222 72
222 62
222 57
222 46
222 42
222 30
222 27
222 12
223 224
223 222
223 221
223 220
223 219
223 218
223 217
223 216
223 215
223 214
223 213
223 212
223 211
223 210
223 209
223 208
223 207
223 193
223 191
223 178
223 175
223 163
223 159
223 148
223 143
223 133
223 127
223 118
223 111
223 103
223 95
223 88
223 79
223 73
223 63
223 58
223 47
223 43
223 31
223 28
223 15
223 13
224 223
224 222
224 221
224 220
224 219
224 218
224 217
224 216
224 215
224 214
224 213
224 212
224 211
224 210
224 209
224 208
224 194
224 192
224 179
224 176
224 164
224 160
224 149
224 144
224 134
224 128
224 119
224 112
224 104
224 96
224 89
224 80
224 74
224 64
224 59
224 48
224 44
224 32
224 29
224 16
224 14
224 0